 0.000000000000000e+00
 6.100217426578004e+03
 1.254479034310395e+04
 2.170405328157151e+04
 2.855996301136895e+04
 3.759914435767346e+04
 4.300610928224544e+04
 5.000000000000000e+04
 0.000000000000000e+00
 6.217221798817079e+03
 1.484647366941999e+04
 2.226415021108087e+04
 2.685449590974751e+04
 3.771918667684122e+04
 4.456804827670190e+04
 5.000000000000000e+04
 0.000000000000000e+00
 8.774229477896683e+03
 1.447155171099497e+04
 1.975406066738409e+04
 2.679947459995494e+04
 3.556687303814733e+04
 4.293150988102303e+04
 5.000000000000000e+04
 0.000000000000000e+00
 6.084878601220629e+03
 1.294801852041061e+04
 2.082546971827421e+04
 2.975457096048250e+04
 3.384294513182250e+04
 4.411983565893112e+04
 5.000000000000000e+04
 0.000000000000000e+00
 7.365005583194773e+03
 1.600108651686943e+04
 1.993941096376539e+04
 2.911204543139687e+04
 3.607854507807433e+04
 4.364514509341331e+04
 5.000000000000000e+04
 0.000000000000000e+00
 5.937260509316228e+03
 1.508060946353408e+04
 2.202725801778223e+04
 3.002161083171125e+04
 3.384927111794762e+04
 4.460576117801273e+04
 5.000000000000000e+04
 0.000000000000000e+00
 7.858281968141776e+03
 1.512434713541045e+04
 1.963471327251402e+04
 2.730183353192813e+04
 3.751294013505217e+04
 4.305350311514329e+04
 5.000000000000000e+04
 0.000000000000000e+00
 5.203166749514518e+03
 1.599491490698888e+04
 2.174421914092448e+04
 2.860305899360191e+04
 3.452629621001789e+04
 4.119659975814530e+04
 5.000000000000000e+04
