 0.000000000000000e+00
 0.000000000000000e+00
 0.000000000000000e+00
 0.000000000000000e+00
 0.000000000000000e+00
 0.000000000000000e+00
 0.000000000000000e+00
 0.000000000000000e+00
 8.677562988683114e+03
 9.279112408365927e+03
 7.838396775006886e+03
 6.059364200964364e+03
 5.181663688918614e+03
 5.366470775378924e+03
 5.255620027501661e+03
 9.143839156504358e+03
 1.233114112230615e+04
 1.373106188222788e+04
 1.549223588715211e+04
 1.439304698698355e+04
 1.394587182338962e+04
 1.359410666501445e+04
 1.316028272269235e+04
 1.609997722382076e+04
 2.024311124356022e+04
 2.353038602261238e+04
 2.197583755013497e+04
 1.982018271576779e+04
 2.012449921901765e+04
 2.292140361105578e+04
 1.949273371697065e+04
 2.165265705260120e+04
 2.909181233801756e+04
 2.985330986850804e+04
 3.046685393658346e+04
 3.006360613390024e+04
 3.001071663244868e+04
 3.022615716395868e+04
 2.679756551684253e+04
 2.955403152301884e+04
 3.719482556377742e+04
 3.689288666774410e+04
 3.424137153944706e+04
 3.763268939266319e+04
 3.659427365944374e+04
 3.524657193737764e+04
 3.538261496093080e+04
 3.779100913651250e+04
 4.220314567263777e+04
 4.367424140987980e+04
 4.101449649538830e+04
 4.285702562200653e+04
 4.121080915894636e+04
 4.237040767974019e+04
 4.145523824566670e+04
 4.368660013061174e+04
 5.000000000000000e+04
 5.000000000000000e+04
 5.000000000000000e+04
 5.000000000000000e+04
 5.000000000000000e+04
 5.000000000000000e+04
 5.000000000000000e+04
 5.000000000000000e+04
