-48776.814
-49002.71
-48415.006
-47873.23
-48866.798
-49002.71
-48866.798
-48776.814
-48144.118
-48595.91
-49273.598
-49318.59
-49273.598
-48821.806
-48415.006
-49092.694
-48505.926
-49047.702
-48731.822
-48415.006
-48459.998
-49092.694
-48280.03
-48144.118
-48957.718
-48280.03
-48189.11
-49137.686
-48144.118
-48821.806
-47150.55
-46969.646
-47330.518
-46878.726
-47195.542
-46698.758
-45388.374
-45885.158
-45659.262
-45297.454
-46156.046
-45659.262
-43988.006
-44303.886
-44348.878
-44122.982
-44213.902
-44032.998
-41562.858
-41652.842
-41381.954
-41697.834
-41607.85
-41381.954
-40523.362
-40523.362
-40568.354
-39664.77
-40252.474
-40659.274
-38671.202
-38581.218
-38626.21
-38716.194
-38174.418
-37179.914
-37586.714
-36909.026
-37315.826
-37225.842
-36909.026
-35779.546
-36231.338
-35015.614
-35644.57
-35105.598
-35960.45
-34066.102
-34157.022
-33931.126
-33705.23
-33027.542
-34112.03
-32258.934
-32801.646
-32756.654
-32439.838
-32439.838
-32394.846
-31129.454
-30135.886
-30723.59
-31175.382
-30677.662
-30406.774
-29368.214
-29187.31
-29548.182
-29277.294
-29277.294
-27439.85
-27078.042
-26807.154
-26446.282
-27303.938
-27258.946
-25632.682
-25722.666
-25406.786
-25677.674
-25451.778
-25496.77
-23825.514
-24413.218
-23870.506
-23418.714
-23418.714
-23644.61
-22380.154
-21792.45
-22741.026
-22470.138
-22334.226
-22651.042
-20440.814
-20395.822
-20530.798
-20485.806
-20123.998
-20259.91
-18904.534
-19311.334
-19672.206
-19130.43
-19311.334
-17233.278
-17910.966
-17368.254
-18045.942
-18000.95
-17594.15
-16148.79
-15786.982
-16193.782
-16012.878
-15967.886
-15831.974
-13226.858
-13226.858
-13226.858
-13226.858
-13226.858
-13271.85
-12504.178
-11780.562
-12323.274
-12187.362
-11690.578
-12323.274
-11102.874
-10380.194
-10742.002
-10290.21
-10922.906
-10876.978
-9115.738
-9521.602
-8753.93
-9295.706
-8483.042
-7669.442
-7669.442
-8166.226
-7579.458
-7443.546
-7714.434
-6317.806
-6136.902
-6181.894
-6001.926
-5685.11
-6227.822
-4194.758
-3832.95
-4103.838
-4058.846
-4058.846
-4329.734
-2613.486
-2748.462
-3065.278
-2613.486
-3065.278
-2839.382
-1303.102
-1484.006
-1618.982
-1438.078
-1258.11
-1032.214
