-4.931859000000000e+04
-4.808047779487179e+04
-4.684236558974358e+04
-4.560425338461537e+04
-4.436614117948717e+04
-4.312802897435896e+04
-4.188991676923075e+04
-4.065180456410255e+04
-3.941369235897434e+04
-3.817558015384613e+04
-3.693746794871792e+04
-3.569935574358972e+04
-3.446124353846151e+04
-3.322313133333330e+04
-3.198501912820510e+04
-3.074690692307689e+04
-2.950879471794869e+04
-2.827068251282049e+04
-2.703257030769228e+04
-2.579445810256408e+04
-2.455634589743588e+04
-2.331823369230767e+04
-2.208012148717947e+04
-2.084200928205127e+04
-1.960389707692306e+04
-1.836578487179486e+04
-1.712767266666665e+04
-1.588956046153845e+04
-1.465144825641024e+04
-1.341333605128204e+04
-1.217522384615383e+04
-1.093711164102563e+04
-9.698999435897422e+03
-8.460887230769216e+03
-7.222775025641011e+03
-5.984662820512805e+03
-4.746550615384600e+03
-3.508438410256395e+03
-2.270326205128190e+03
-1.032214000000000e+03
-4.931859000000000e+04
-4.809294929025526e+04
-4.686460200359244e+04
-4.564422548923656e+04
-4.456430234536330e+04
-4.287420315975189e+04
-4.201894977028518e+04
-4.035032189505907e+04
-3.944159312147309e+04
-3.831307097222083e+04
-3.682417341059912e+04
-3.554501837289210e+04
-3.425934622326971e+04
-3.318592799453813e+04
-3.204508522857624e+04
-3.060335557648957e+04
-2.944952977075273e+04
-2.820352163700308e+04
-2.688951649885131e+04
-2.590237925663010e+04
-2.434902144938665e+04
-2.334092101386479e+04
-2.219823871254467e+04
-2.064532675149701e+04
-1.956050545617463e+04
-1.819939887703888e+04
-1.700479157956686e+04
-1.615810362199411e+04
-1.490954877631093e+04
-1.348993415778663e+04
-1.222098519966657e+04
-1.089468839829003e+04
-9.521731012389266e+03
-8.620047351830222e+03
-6.941877272786608e+03
-6.137017595290426e+03
-4.442009367851593e+03
-3.720728211642963e+03
-2.387077751243973e+03
-1.032214000000000e+03
-4.931859000000000e+04
-4.818149754806660e+04
-4.659211963465919e+04
-4.550639787061088e+04
-4.461185114704705e+04
-4.314104739300844e+04
-4.199106392128557e+04
-4.049412120715550e+04
-3.958946105371687e+04
-3.828441847149183e+04
-3.664239053491560e+04
-3.557920955248056e+04
-3.424992063098171e+04
-3.341184807297393e+04
-3.198109951657021e+04
-3.100514598412697e+04
-2.960232380702433e+04
-2.835106884058052e+04
-2.701956348643062e+04
-2.602845589052932e+04
-2.477217959709186e+04
-2.307414697545012e+04
-2.177962220172750e+04
-2.079264767516037e+04
-1.933319662948585e+04
-1.847583357071126e+04
-1.687105086888371e+04
-1.595272567467964e+04
-1.461520301792670e+04
-1.363757752045221e+04
-1.243884540053757e+04
-1.093417964504928e+04
-9.751441917904656e+03
-8.243739842372152e+03
-7.062920261498884e+03
-5.992361394640380e+03
-4.809392992349538e+03
-3.240396437798291e+03
-2.505968818423304e+03
-1.032214000000000e+03
-4.931859000000000e+04
-4.822147895495182e+04
-4.695259756313376e+04
-4.540517128941665e+04
-4.461140204218536e+04
-4.291323238539266e+04
-4.201151741392511e+04
-4.084180373718787e+04
-3.924410752240699e+04
-3.825373778043435e+04
-3.678828870339586e+04
-3.564370598163392e+04
-3.434457939933200e+04
-3.307684682378110e+04
-3.206765298936065e+04
-3.089033249483075e+04
-2.978410325563615e+04
-2.815365805862561e+04
-2.711636085149555e+04
-2.559099675251551e+04
-2.451209290649637e+04
-2.344755988991271e+04
-2.196412428929263e+04
-2.066416832802026e+04
-1.977625227774447e+04
-1.852863312690099e+04
-1.711946862949689e+04
-1.573183014104785e+04
-1.445462901535655e+04
-1.370570450962897e+04
-1.232304351371038e+04
-1.106322219827599e+04
-9.552828714621350e+03
-8.357644500132239e+03
-7.103496370081639e+03
-5.757912908669104e+03
-4.979786924858685e+03
-3.379378863548408e+03
-2.323907320975534e+03
-1.032214000000000e+03
-4.931859000000000e+04
-4.812058856829642e+04
-4.663277088834378e+04
-4.588837575405087e+04
-4.435263215149494e+04
-4.309473670791236e+04
-4.187524154090328e+04
-4.050192154048386e+04
-3.957473309503616e+04
-3.809015116873095e+04
-3.694165530315131e+04
-3.556920566176008e+04
-3.470144316631879e+04
-3.340904150489860e+04
-3.193099303578464e+04
-3.071866795662867e+04
-2.934882602543515e+04
-2.821109388719133e+04
-2.688803196334614e+04
-2.589934024325155e+04
-2.472330727303189e+04
-2.323886397322792e+04
-2.193831246531651e+04
-2.081538389267535e+04
-1.946168773368651e+04
-1.807232842012729e+04
-1.702115846822996e+04
-1.599769987496174e+04
-1.444772704085227e+04
-1.371076751271390e+04
-1.214652067080711e+04
-1.079659700103015e+04
-9.789728948824093e+03
-8.700926405114695e+03
-7.100965893292677e+03
-6.083349170506000e+03
-4.577296982975242e+03
-3.414646110509916e+03
-2.383411205867759e+03
-1.032214000000000e+03
-4.931859000000000e+04
-4.779628464810752e+04
-4.696780829902992e+04
-4.547370618700165e+04
-4.429122769763692e+04
-4.313024398475380e+04
-4.167411085280594e+04
-4.091058623653382e+04
-3.968715405367993e+04
-3.821628227720122e+04
-3.677251526060779e+04
-3.555860444828097e+04
-3.427007292326312e+04
-3.323315725238277e+04
-3.205930508291383e+04
-3.066319688817532e+04
-2.933313574649964e+04
-2.797006209281357e+04
-2.699001804915841e+04
-2.549772085713490e+04
-2.452928225953283e+04
-2.312725960281881e+04
-2.236071206182159e+04
-2.096231305311617e+04
-1.937837660174212e+04
-1.857933717501638e+04
-1.719881218652927e+04
-1.608140539941759e+04
-1.486113546920404e+04
-1.326945097552033e+04
-1.203789045656092e+04
-1.097294162832373e+04
-9.621046891553766e+03
-8.643170824725185e+03
-7.098959707882620e+03
-6.006309522380348e+03
-4.613776800638355e+03
-3.376278921103815e+03
-2.319595353030629e+03
-1.032214000000000e+03
-4.931859000000000e+04
-4.787869808968963e+04
-4.678890722431706e+04
-4.560354106897327e+04
-4.461352751168583e+04
-4.316686301281567e+04
-4.208074457488163e+04
-4.071719309431997e+04
-3.929720614003836e+04
-3.848119510422002e+04
-3.664511387807216e+04
-3.543318007578464e+04
-3.421411322722353e+04
-3.317923768614243e+04
-3.194970557221748e+04
-3.078316767565940e+04
-2.981077352444582e+04
-2.857653245617208e+04
-2.708701308224968e+04
-2.592048861286112e+04
-2.468548582038475e+04
-2.340489545013440e+04
-2.230819081715216e+04
-2.066613297118731e+04
-1.986016601355532e+04
-1.820456245340242e+04
-1.684978268000604e+04
-1.566781406891303e+04
-1.465228567129871e+04
-1.346797007622438e+04
-1.243110297617336e+04
-1.121198736328327e+04
-1.000166058549088e+04
-8.210334595578317e+03
-7.056707064991728e+03
-6.025532428259250e+03
-4.678180934316217e+03
-3.414435062599289e+03
-2.538263915959802e+03
-1.032214000000000e+03
-4.931859000000000e+04
-4.821174947727025e+04
-4.667741803755787e+04
-4.543726151667160e+04
-4.449936285048517e+04
-4.296869784573127e+04
-4.215107819596148e+04
-4.087418461432601e+04
-3.958987473894817e+04
-3.838943830071166e+04
-3.691948952820612e+04
-3.557395249620617e+04
-3.447186552369646e+04
-3.353068169968606e+04
-3.225168993365896e+04
-3.090861515036407e+04
-2.974751135675434e+04
-2.837964712036040e+04
-2.692343505899089e+04
-2.605849947475625e+04
-2.446026833804580e+04
-2.321820041118856e+04
-2.230365602162943e+04
-2.108453595244911e+04
-1.965294899527922e+04
-1.823398501353867e+04
-1.709473030959228e+04
-1.583811586816609e+04
-1.438232005519506e+04
-1.360772503537331e+04
-1.191169035086225e+04
-1.075672595544633e+04
-9.880841512508383e+03
-8.339289246112126e+03
-7.324306828697916e+03
-5.840451013424241e+03
-4.893098481945037e+03
-3.761919451507889e+03
-2.066982783917231e+03
-1.032214000000000e+03
-4.931859000000000e+04
-4.817209375569664e+04
-4.698006025616950e+04
-4.555820133947826e+04
-4.432026983996356e+04
-4.308306787399676e+04
-4.177087477275149e+04
-4.069958513212657e+04
-3.918358807556550e+04
-3.797811573439047e+04
-3.663158116276952e+04
-3.548604774847588e+04
-3.462034456329180e+04
-3.347882729909028e+04
-3.219542641733090e+04
-3.056879690750020e+04
-2.968456464668939e+04
-2.801048624428683e+04
-2.712347728671398e+04
-2.605225355366155e+04
-2.462483331064396e+04
-2.310997533644463e+04
-2.230306019180180e+04
-2.093605298786235e+04
-1.990017438091241e+04
-1.815173583373557e+04
-1.721320110205589e+04
-1.589807190473132e+04
-1.452699082072772e+04
-1.328085530338229e+04
-1.198763904411455e+04
-1.095064853145237e+04
-9.625309151891963e+03
-8.444566892218041e+03
-6.934436688653781e+03
-6.068563823661928e+03
-4.694847630237149e+03
-3.241008141355293e+03
-2.212907166574405e+03
-1.032214000000000e+03
-4.931859000000000e+04
-4.777394396951352e+04
-4.702775201997699e+04
-4.580910140931292e+04
-4.464257399144034e+04
-4.334108623255533e+04
-4.184336899726997e+04
-4.058885316897343e+04
-3.950532132877485e+04
-3.839498306861433e+04
-3.694989906257307e+04
-3.598714474412244e+04
-3.458110316201645e+04
-3.307247496860624e+04
-3.218107286690591e+04
-3.073479660490795e+04
-2.957050574938691e+04
-2.810298676194439e+04
-2.731959259743016e+04
-2.567085676373299e+04
-2.430002922255487e+04
-2.354310665117689e+04
-2.209706900995601e+04
-2.113725900129588e+04
-1.978678150319860e+04
-1.847139070431147e+04
-1.725498740422113e+04
-1.602450537595012e+04
-1.469871752276628e+04
-1.321768980442432e+04
-1.187255056845630e+04
-1.122848890775699e+04
-9.675785639285859e+03
-8.337309351721864e+03
-7.316589370292883e+03
-6.056604737958858e+03
-4.905125050425024e+03
-3.639348536361829e+03
-2.054115985069725e+03
-1.032214000000000e+03
-4.931859000000000e+04
-4.800616523998191e+04
-4.698537659645307e+04
-4.533136493052793e+04
-4.462015365313795e+04
-4.298949578153434e+04
-4.184522052774589e+04
-4.055298769062047e+04
-3.967304480637981e+04
-3.799857459608038e+04
-3.713275016874717e+04
-3.573846507138279e+04
-3.456010460598077e+04
-3.309453077235060e+04
-3.182051014898048e+04
-3.089025984871500e+04
-2.948271851672711e+04
-2.846022081516085e+04
-2.704777117128635e+04
-2.604286885760221e+04
-2.427497835389865e+04
-2.336699415939743e+04
-2.212699532742265e+04
-2.072503925292676e+04
-1.991122604641831e+04
-1.861963173927909e+04
-1.694503105920709e+04
-1.585726706317316e+04
-1.490427985661503e+04
-1.323750240641199e+04
-1.204772366616528e+04
-1.084578923273572e+04
-9.867681982753589e+03
-8.335596934765725e+03
-7.516283778175777e+03
-5.993846740265807e+03
-4.982502883846694e+03
-3.289206497232724e+03
-2.180843674644518e+03
-1.032214000000000e+03
-4.931859000000000e+04
-4.798302497414518e+04
-4.707632323026655e+04
-4.544558138535234e+04
-4.458147948388434e+04
-4.307715818789886e+04
-4.167242397011189e+04
-4.063951985826424e+04
-3.942108008633931e+04
-3.822427949688260e+04
-3.705821394349384e+04
-3.541152055413136e+04
-3.422486158846264e+04
-3.308684815392197e+04
-3.224182939026520e+04
-3.101428415919113e+04
-2.961512906889268e+04
-2.839297596087121e+04
-2.693453540174590e+04
-2.572644341651356e+04
-2.430047748917641e+04
-2.340960073786344e+04
-2.199852422266662e+04
-2.092412409410430e+04
-1.957897464356167e+04
-1.841835862849445e+04
-1.699960598252903e+04
-1.584402675865368e+04
-1.434763464247128e+04
-1.356430384680622e+04
-1.229276607971187e+04
-1.084213811699787e+04
-9.511691810390095e+03
-8.686598680970827e+03
-6.974918415910935e+03
-6.023111497354435e+03
-4.967526851552401e+03
-3.775152261584480e+03
-2.206424829041798e+03
-1.032214000000000e+03
-4.931859000000000e+04
-4.829329977226205e+04
-4.670869784985761e+04
-4.586220726664362e+04
-4.459260988673657e+04
-4.312088149540697e+04
-4.173486925107319e+04
-4.078057301161761e+04
-3.914300078259399e+04
-3.845035500438628e+04
-3.706654350252709e+04
-3.546657295386161e+04
-3.471617498749861e+04
-3.297570726940282e+04
-3.208774834430164e+04
-3.063504847464777e+04
-2.932978416399342e+04
-2.826573526698523e+04
-2.682984575385426e+04
-2.597755991497343e+04
-2.473125816569316e+04
-2.302155173064290e+04
-2.225848798659463e+04
-2.102369515610876e+04
-1.986374581862524e+04
-1.822901627690053e+04
-1.685303992568154e+04
-1.617954529616287e+04
-1.466651407872084e+04
-1.316995045874211e+04
-1.222675761926646e+04
-1.124168366695592e+04
-9.660079053809355e+03
-8.564482079644395e+03
-7.041087724656819e+03
-5.694706612468339e+03
-4.991620038625810e+03
-3.244384417786186e+03
-2.257812724605159e+03
-1.032214000000000e+03
-4.931859000000000e+04
-4.838293513673647e+04
-4.705466221444565e+04
-4.556331416937439e+04
-4.422775274397138e+04
-4.336314208425242e+04
-4.215741885716880e+04
-4.041748648643446e+04
-3.956417621637916e+04
-3.839525696534522e+04
-3.697199044565201e+04
-3.544732968863941e+04
-3.421416883788788e+04
-3.293709162625919e+04
-3.169330401711592e+04
-3.056581525028591e+04
-2.975996883915196e+04
-2.837965679127071e+04
-2.686238414519996e+04
-2.592397527159916e+04
-2.445338748083751e+04
-2.360350658501282e+04
-2.205879773665029e+04
-2.074366578687734e+04
-1.982572072664484e+04
-1.828592019516126e+04
-1.700532804444940e+04
-1.617695947903398e+04
-1.454636896645475e+04
-1.338545075620761e+04
-1.188793903227479e+04
-1.065716591727162e+04
-9.981275012978091e+03
-8.548174760105781e+03
-7.120058933407857e+03
-6.285712183719254e+03
-4.439912122431107e+03
-3.770062572715134e+03
-2.085587372754483e+03
-1.032214000000000e+03
-4.931859000000000e+04
-4.831697560332306e+04
-4.668523918549247e+04
-4.536978657156171e+04
-4.453297519938526e+04
-4.294664118781471e+04
-4.166830406322342e+04
-4.088515817434571e+04
-3.968567805510790e+04
-3.825591534919302e+04
-3.704479450887844e+04
-3.573612495781145e+04
-3.466328460512549e+04
-3.307173878981670e+04
-3.192098798983091e+04
-3.101155976280993e+04
-2.932233822852882e+04
-2.832332308107475e+04
-2.725894961957173e+04
-2.585350396413667e+04
-2.468466014255286e+04
-2.341231253144227e+04
-2.236245163559992e+04
-2.064726715814647e+04
-1.968944282545325e+04
-1.808004151754662e+04
-1.735019564578346e+04
-1.586896851543770e+04
-1.447177931109140e+04
-1.360707617532603e+04
-1.223881277752688e+04
-1.111500603698430e+04
-9.424734146165703e+03
-8.686155863487018e+03
-7.449857105969667e+03
-6.116874016897580e+03
-4.760932502849106e+03
-3.588127605437457e+03
-2.364000770992847e+03
-1.032214000000000e+03
-4.931859000000000e+04
-4.838234312788025e+04
-4.696167148436496e+04
-4.581509322458597e+04
-4.463973937700610e+04
-4.325645857818771e+04
-4.204800471542007e+04
-4.072980534212509e+04
-3.972010278381046e+04
-3.787682076717697e+04
-3.681398751444211e+04
-3.544951183179629e+04
-3.424546067718040e+04
-3.327173081594219e+04
-3.197349283869868e+04
-3.073253913292581e+04
-2.934713804649073e+04
-2.837010965472459e+04
-2.714564587917322e+04
-2.598645152404180e+04
-2.462076109885758e+04
-2.354400313794693e+04
-2.199266668517733e+04
-2.075865856745640e+04
-1.969841817922621e+04
-1.820819852060348e+04
-1.687176269857942e+04
-1.561634214262794e+04
-1.461790622567444e+04
-1.369679628428338e+04
-1.223743390755729e+04
-1.092162189547384e+04
-9.650644963779834e+03
-8.461352311422308e+03
-7.309170182246331e+03
-5.951337849774728e+03
-4.855071869118780e+03
-3.304478003231812e+03
-2.487162152631720e+03
-1.032214000000000e+03
-4.931859000000000e+04
-4.814625253488343e+04
-4.679815413359672e+04
-4.558982781245714e+04
-4.451283834790740e+04
-4.337692710164079e+04
-4.181875140806712e+04
-4.095973440640510e+04
-3.956944746706518e+04
-3.829236437185785e+04
-3.696364614007140e+04
-3.568616216035910e+04
-3.418486077217224e+04
-3.339898726261698e+04
-3.216104390716225e+04
-3.099247918860970e+04
-2.935705394505406e+04
-2.839266698087203e+04
-2.681661118623694e+04
-2.592689306013280e+04
-2.461475365825602e+04
-2.311615959125854e+04
-2.183806116427118e+04
-2.094367407741808e+04
-1.957587368477476e+04
-1.820169345656051e+04
-1.707444143452598e+04
-1.564180693034345e+04
-1.493260609530913e+04
-1.372265773848043e+04
-1.203488299110969e+04
-1.076733918512852e+04
-9.699478761552322e+03
-8.644130651868702e+03
-7.200411577306239e+03
-5.943279995383184e+03
-4.872210230100317e+03
-3.433362360179724e+03
-2.499434210607635e+03
-1.032214000000000e+03
-4.931859000000000e+04
-4.803145744860950e+04
-4.707441105388754e+04
-4.558316236055891e+04
-4.439284718966133e+04
-4.335711536926758e+04
-4.193052096924261e+04
-4.053186590798663e+04
-3.964514154689611e+04
-3.792970008611478e+04
-3.667591511745438e+04
-3.574635503341391e+04
-3.464768979670840e+04
-3.317036653440778e+04
-3.217898454809947e+04
-3.080116979005131e+04
-2.929389368636205e+04
-2.835081258989975e+04
-2.704306850730852e+04
-2.583771507901978e+04
-2.439207710056524e+04
-2.354574692649630e+04
-2.179278717430423e+04
-2.093155801685055e+04
-1.969378848052353e+04
-1.840761315808406e+04
-1.690681530752122e+04
-1.563996236411151e+04
-1.434255996592459e+04
-1.337011628536192e+04
-1.199630251792776e+04
-1.098921101110064e+04
-9.887817799940402e+03
-8.267100058950031e+03
-6.987906960787166e+03
-5.731018554106906e+03
-4.490205019604845e+03
-3.767854611137044e+03
-2.419195256227431e+03
-1.032214000000000e+03
-4.931859000000000e+04
-4.818336077368378e+04
-4.694971959965726e+04
-4.533616090804541e+04
-4.441646061875912e+04
-4.303300562676119e+04
-4.161402605277867e+04
-4.051803341123403e+04
-3.964267375270453e+04
-3.790175052057167e+04
-3.704916898744451e+04
-3.594090317179204e+04
-3.430854972104213e+04
-3.344784689187490e+04
-3.190263795304306e+04
-3.098383994926829e+04
-2.960799395019799e+04
-2.827606464932033e+04
-2.674339267584738e+04
-2.563851995489259e+04
-2.455991184411355e+04
-2.359634538844969e+04
-2.207453876528941e+04
-2.097268761732268e+04
-1.956038945517775e+04
-1.826561220140187e+04
-1.700003055802664e+04
-1.559961812882662e+04
-1.440607657938312e+04
-1.364323481273702e+04
-1.235304576238273e+04
-1.095915147602387e+04
-9.595718149375556e+03
-8.687091576382960e+03
-7.228470993529046e+03
-6.128328858727826e+03
-4.880592481659763e+03
-3.534605899856524e+03
-2.519594765634618e+03
-1.032214000000000e+03
-4.931859000000000e+04
-4.816129054536396e+04
-4.684079215207071e+04
-4.540258751037005e+04
-4.466758564653549e+04
-4.326783697054964e+04
-4.218263589852144e+04
-4.066368838678832e+04
-3.919680136530981e+04
-3.821701224971228e+04
-3.717315157173233e+04
-3.591410463883311e+04
-3.451323041144256e+04
-3.314119172863102e+04
-3.204898897826443e+04
-3.063564363326157e+04
-2.926263815294547e+04
-2.811791511277109e+04
-2.720172081905388e+04
-2.551819988699749e+04
-2.431296170422326e+04
-2.329721243992883e+04
-2.236892243615981e+04
-2.104120807962609e+04
-1.953608902597990e+04
-1.816578515720232e+04
-1.719469392008120e+04
-1.566420626432576e+04
-1.445407409031966e+04
-1.339220309605425e+04
-1.248425114592380e+04
-1.078107713104970e+04
-9.649879035443884e+03
-8.489502463653103e+03
-7.223015242495676e+03
-6.026689537048464e+03
-4.867599963410992e+03
-3.453602956559181e+03
-2.199028751514587e+03
-1.032214000000000e+03
-4.931859000000000e+04
-4.778016641635895e+04
-4.684654488849358e+04
-4.577818662595913e+04
-4.447739925324122e+04
-4.339761040654786e+04
-4.199842324580992e+04
-4.066109902819980e+04
-3.940312941744447e+04
-3.813871739548112e+04
-3.702324144833290e+04
-3.573164581366324e+04
-3.460962007953029e+04
-3.311043228293768e+04
-3.179406336329168e+04
-3.099746729234094e+04
-2.939259352810408e+04
-2.801174400739506e+04
-2.726163842022758e+04
-2.568253771708999e+04
-2.447365013244398e+04
-2.313816087138720e+04
-2.217991710613501e+04
-2.107475309676727e+04
-1.968502365941623e+04
-1.818738317870246e+04
-1.685360805333800e+04
-1.561970990662663e+04
-1.494106189849442e+04
-1.363935119899370e+04
-1.226380524456365e+04
-1.107362869226982e+04
-9.950749428187626e+03
-8.583339269342521e+03
-7.177490611175768e+03
-6.090992548117631e+03
-4.666183081441509e+03
-3.641708556162048e+03
-2.571093305239556e+03
-1.032214000000000e+03
-4.931859000000000e+04
-4.836404966360734e+04
-4.697772718350185e+04
-4.547508737812606e+04
-4.418328187630891e+04
-4.291500326243367e+04
-4.189002622537331e+04
-4.048042108285987e+04
-3.968182071032975e+04
-3.820257444033916e+04
-3.717709258141914e+04
-3.544795096922680e+04
-3.432879144211984e+04
-3.333410635317335e+04
-3.212161310390601e+04
-3.064398057627056e+04
-2.953441594220806e+04
-2.819361381661613e+04
-2.695196241758282e+04
-2.592323233204995e+04
-2.466652728801094e+04
-2.305082419055861e+04
-2.191768726292334e+04
-2.077660150662323e+04
-1.961374080710894e+04
-1.816660692183667e+04
-1.726471909233119e+04
-1.578853128433355e+04
-1.446119718573325e+04
-1.327031174471278e+04
-1.232801597607004e+04
-1.074235138182442e+04
-9.587771050537705e+03
-8.512935340485306e+03
-7.319852903427595e+03
-6.196856323210422e+03
-4.823513048617985e+03
-3.786383492279918e+03
-2.107951667086121e+03
-1.032214000000000e+03
-4.931859000000000e+04
-4.804827716561929e+04
-4.663523367980612e+04
-4.590616900254787e+04
-4.406447323331542e+04
-4.314552163408636e+04
-4.182104677138649e+04
-4.045757153572808e+04
-3.948967821204273e+04
-3.789388658221484e+04
-3.677169783624102e+04
-3.569842718384630e+04
-3.424404039011275e+04
-3.300575226462616e+04
-3.189625398001002e+04
-3.102663939006419e+04
-2.957694227813015e+04
-2.835869470440052e+04
-2.686879931602478e+04
-2.552464490435400e+04
-2.460911106668986e+04
-2.326973871985738e+04
-2.199382547006505e+04
-2.104730960963688e+04
-1.990572347103341e+04
-1.839465860681676e+04
-1.693090599247139e+04
-1.594536985870640e+04
-1.459639845909519e+04
-1.312862456773427e+04
-1.224154895818296e+04
-1.074322053026742e+04
-9.535551191135582e+03
-8.206091866022158e+03
-7.489887982287045e+03
-6.064688731070256e+03
-4.913243649698810e+03
-3.791267234249071e+03
-2.563154412219768e+03
-1.032214000000000e+03
-4.931859000000000e+04
-4.820632553015475e+04
-4.661926499622552e+04
-4.571736666336897e+04
-4.462050427015769e+04
-4.341606623371472e+04
-4.185833052708842e+04
-4.061905747486895e+04
-3.967213732833447e+04
-3.788370541812769e+04
-3.713062088377037e+04
-3.567412537490149e+04
-3.420999501882699e+04
-3.301582582401146e+04
-3.191405895065044e+04
-3.056918021420598e+04
-2.950267809239609e+04
-2.854611612192119e+04
-2.691178782889117e+04
-2.554385253249229e+04
-2.430674640721311e+04
-2.358053261869442e+04
-2.214670745751289e+04
-2.086773295864755e+04
-1.970617522980598e+04
-1.822935977222939e+04
-1.726278893981999e+04
-1.572786591222559e+04
-1.495757122372734e+04
-1.358396146010611e+04
-1.244009083516680e+04
-1.080009457641837e+04
-9.997913501667923e+03
-8.460412073160767e+03
-7.210176131079296e+03
-6.083881275268587e+03
-4.572897749650727e+03
-3.507168037876747e+03
-2.217989036930142e+03
-1.032214000000000e+03
-4.931859000000000e+04
-4.785037947031469e+04
-4.667356921549544e+04
-4.572137410613055e+04
-4.418688021462382e+04
-4.282864823518875e+04
-4.197723174947561e+04
-4.051460658486575e+04
-3.938114501998159e+04
-3.820132527091471e+04
-3.701382432377318e+04
-3.561687258602041e+04
-3.436666525790312e+04
-3.344972731541905e+04
-3.209958487229846e+04
-3.073011046106772e+04
-2.974402352158906e+04
-2.808842594730121e+04
-2.720614157599789e+04
-2.568729543458972e+04
-2.451692321164967e+04
-2.320864367082966e+04
-2.183149689655596e+04
-2.085877345200547e+04
-1.968626891736331e+04
-1.860986159130508e+04
-1.704462424623365e+04
-1.587115033099356e+04
-1.481804304096567e+04
-1.340268563967178e+04
-1.230725286578029e+04
-1.086638989018355e+04
-9.842074125879415e+03
-8.270898464613461e+03
-7.060164753088976e+03
-5.868639309520433e+03
-4.917720772770081e+03
-3.515045702416462e+03
-2.157430906640013e+03
-1.032214000000000e+03
-4.931859000000000e+04
-4.805839547740703e+04
-4.690001239580410e+04
-4.551702979552110e+04
-4.437511251466356e+04
-4.320510983363556e+04
-4.179721018035863e+04
-4.035877647529257e+04
-3.940516695642975e+04
-3.787032481397495e+04
-3.669896778602550e+04
-3.559294153005224e+04
-3.466003956049989e+04
-3.316205433951921e+04
-3.168118877454815e+04
-3.054585793043113e+04
-2.980506567845417e+04
-2.821181658947622e+04
-2.724035643133373e+04
-2.587543357551440e+04
-2.466635767898552e+04
-2.307779585767371e+04
-2.212870615549175e+04
-2.085185713708712e+04
-1.933083553605968e+04
-1.855187080017159e+04
-1.696362614773841e+04
-1.603162510018548e+04
-1.482171234018950e+04
-1.367582232117268e+04
-1.236057272796918e+04
-1.101228210046111e+04
-9.911663201194990e+03
-8.182045922048596e+03
-7.500061598176662e+03
-5.698036529759544e+03
-4.814266916168790e+03
-3.422818092203534e+03
-1.984520500905901e+03
-1.032214000000000e+03
-4.931859000000000e+04
-4.778362232592545e+04
-4.686178470415145e+04
-4.583123419940512e+04
-4.433274057269812e+04
-4.320837162476600e+04
-4.201968013103591e+04
-4.070329895650216e+04
-3.911169843546352e+04
-3.840553558261305e+04
-3.670398270549250e+04
-3.584127205497104e+04
-3.444587450131579e+04
-3.317155407445867e+04
-3.194586190384884e+04
-3.058546819425379e+04
-2.932235688296768e+04
-2.827330882750682e+04
-2.733137821990012e+04
-2.601879131988559e+04
-2.442807049719933e+04
-2.317904850421047e+04
-2.182411446533290e+04
-2.090678936167467e+04
-1.951115347445237e+04
-1.849970471270582e+04
-1.703620519858851e+04
-1.581512957159085e+04
-1.465058984327141e+04
-1.336180602421765e+04
-1.234542724482856e+04
-1.089663282774573e+04
-9.560225618471115e+03
-8.436407739570241e+03
-7.325893479500096e+03
-5.925840611292570e+03
-4.437678117319555e+03
-3.813887344754520e+03
-2.170443331552136e+03
-1.032214000000000e+03
-4.931859000000000e+04
-4.823172252082582e+04
-4.703769278946691e+04
-4.548672255934453e+04
-4.423110887090882e+04
-4.328094988186936e+04
-4.183579750970986e+04
-4.077959840629558e+04
-3.924552913476830e+04
-3.815171495525667e+04
-3.704159658386417e+04
-3.590983217626816e+04
-3.475145008277340e+04
-3.319496257582963e+04
-3.224308868266094e+04
-3.101299488307893e+04
-2.927848294439715e+04
-2.836394063371288e+04
-2.702986249540537e+04
-2.598478214251722e+04
-2.441825522018385e+04
-2.320841472137743e+04
-2.201880887901085e+04
-2.090988953406932e+04
-1.977639847819350e+04
-1.852616979284476e+04
-1.710820415612620e+04
-1.605835998816554e+04
-1.472956427119261e+04
-1.321348017567328e+04
-1.211020578328135e+04
-1.121640701630463e+04
-9.537239065738768e+03
-8.202416331557210e+03
-7.020649943210118e+03
-6.011554180637034e+03
-4.889050046963259e+03
-3.514568992838647e+03
-2.030643227587788e+03
-1.032214000000000e+03
-4.931859000000000e+04
-4.817673146791775e+04
-4.687920599128091e+04
-4.554280009460098e+04
-4.439582700580851e+04
-4.317847124145328e+04
-4.201839287832323e+04
-4.083085896758499e+04
-3.949821357853222e+04
-3.800067378350984e+04
-3.700453403027788e+04
-3.568844314569068e+04
-3.431398102232329e+04
-3.307287187885032e+04
-3.228594911639665e+04
-3.075972356560541e+04
-2.922234402583314e+04
-2.829945635070537e+04
-2.704377457347507e+04
-2.604645840795457e+04
-2.468945612685405e+04
-2.337384040509470e+04
-2.230053402345554e+04
-2.107808250314873e+04
-1.989865996780379e+04
-1.862697442697514e+04
-1.743400978362848e+04
-1.583101640849433e+04
-1.469051121274212e+04
-1.363509501502118e+04
-1.203703058884453e+04
-1.093847998178564e+04
-9.437454509304298e+03
-8.179206028121845e+03
-7.200032076140134e+03
-6.086964351013740e+03
-4.715061718580478e+03
-3.336149553596720e+03
-2.142555779194542e+03
-1.032214000000000e+03
-4.931859000000000e+04
-4.821866243053041e+04
-4.660588506215145e+04
-4.572723396905312e+04
-4.453993211230732e+04
-4.300641212508971e+04
-4.179676418154511e+04
-4.048765593877665e+04
-3.920904411675500e+04
-3.811031373568665e+04
-3.713809903797011e+04
-3.556156982567188e+04
-3.415197918619538e+04
-3.319429214271056e+04
-3.211372379162144e+04
-3.099132407258571e+04
-2.925296158223907e+04
-2.799147227211913e+04
-2.723143275167547e+04
-2.560784268927877e+04
-2.450299488614375e+04
-2.311094325168126e+04
-2.193960720594089e+04
-2.090833779130547e+04
-1.931036486421714e+04
-1.806792981888430e+04
-1.683515460249297e+04
-1.617221596949562e+04
-1.487011401447867e+04
-1.345707233446877e+04
-1.205689977987770e+04
-1.075562753385450e+04
-9.497365669401379e+03
-8.660727698562494e+03
-7.244197317371905e+03
-5.881225527361169e+03
-5.046605595160599e+03
-3.514896303626052e+03
-2.329168704890647e+03
-1.032214000000000e+03
-4.931859000000000e+04
-4.834153197155069e+04
-4.713539967995950e+04
-4.584909622322453e+04
-4.453311581087917e+04
-4.283201926640334e+04
-4.162486226063193e+04
-4.038713476903451e+04
-3.934272449181094e+04
-3.843207209885467e+04
-3.703454946194380e+04
-3.569020494022172e+04
-3.444903354899289e+04
-3.333781171974870e+04
-3.194847315528512e+04
-3.058718875476957e+04
-2.934935546904790e+04
-2.845002013084800e+04
-2.727252219302512e+04
-2.566648099150137e+04
-2.476400079139556e+04
-2.313084263286894e+04
-2.215940480066332e+04
-2.091113815108640e+04
-1.955232183697822e+04
-1.818311404037833e+04
-1.734293935977152e+04
-1.569120979758532e+04
-1.476714498430153e+04
-1.346962677233246e+04
-1.244644941878769e+04
-1.115441815112457e+04
-9.505303896707926e+03
-8.441088747291742e+03
-7.462364574712582e+03
-5.680432764529181e+03
-4.921079498931569e+03
-3.798180114007047e+03
-2.516156594621238e+03
-1.032214000000000e+03
-4.931859000000000e+04
-4.800915038347028e+04
-4.673861945601173e+04
-4.576664027986451e+04
-4.441943604804486e+04
-4.310289237884597e+04
-4.187248221843853e+04
-4.058050446159475e+04
-3.961627562021699e+04
-3.816251519530287e+04
-3.703031410756156e+04
-3.562707776700756e+04
-3.467110878729569e+04
-3.314595492717306e+04
-3.180461842480672e+04
-3.073094103355988e+04
-2.952490588873971e+04
-2.838450054085390e+04
-2.684124794635186e+04
-2.556186404289490e+04
-2.443945752133992e+04
-2.361273838515383e+04
-2.231086005263219e+04
-2.072868373599839e+04
-1.977679391167855e+04
-1.826316823759814e+04
-1.720764893425371e+04
-1.601252931233262e+04
-1.457584096054794e+04
-1.310716140461994e+04
-1.231481755617769e+04
-1.113714855694510e+04
-9.506489353080520e+03
-8.494205609006811e+03
-7.490398683733557e+03
-6.191191632878700e+03
-4.683901517664865e+03
-3.598454430725683e+03
-2.287730456610061e+03
-1.032214000000000e+03
-4.931859000000000e+04
-4.816466451761605e+04
-4.687098321822507e+04
-4.589243450705238e+04
-4.421290348405371e+04
-4.308104635433832e+04
-4.215885438325065e+04
-4.081232400632551e+04
-3.917920794401874e+04
-3.806376492377454e+04
-3.707944966749247e+04
-3.542402722047405e+04
-3.458823680352813e+04
-3.345969329728527e+04
-3.183596054181910e+04
-3.093229278242497e+04
-2.951338606266132e+04
-2.817224071169246e+04
-2.725469146464123e+04
-2.603529792866031e+04
-2.452769527063823e+04
-2.336101893943986e+04
-2.194232936609563e+04
-2.080943465097128e+04
-1.943667731557375e+04
-1.812609129856238e+04
-1.693449653024728e+04
-1.597165115587540e+04
-1.450776467527460e+04
-1.369036387873299e+04
-1.229712378578792e+04
-1.113036439060820e+04
-9.754750345195984e+03
-8.213696629267566e+03
-7.508208840289341e+03
-5.719991424147638e+03
-4.730380608293773e+03
-3.718042739322990e+03
-2.001953924699780e+03
-1.032214000000000e+03
-4.931859000000000e+04
-4.824250293396933e+04
-4.715025855179183e+04
-4.576804536782731e+04
-4.419209390986419e+04
-4.287298730313672e+04
-4.217734812681001e+04
-4.091376837913851e+04
-3.912397092053104e+04
-3.830589164713444e+04
-3.693364981913411e+04
-3.591059507927059e+04
-3.432606410201578e+04
-3.339256805529701e+04
-3.210012316597504e+04
-3.066752412931620e+04
-2.976695979555250e+04
-2.854199257597678e+04
-2.687583359384963e+04
-2.562802042717871e+04
-2.448902589909834e+04
-2.341753310029559e+04
-2.224911911030708e+04
-2.068179105231203e+04
-1.959358857967860e+04
-1.821971692182076e+04
-1.716016482122793e+04
-1.589043533521382e+04
-1.480098550486214e+04
-1.324955039443793e+04
-1.201686355301406e+04
-1.064246948751633e+04
-9.684581323357368e+03
-8.553392803702134e+03
-7.311514573632161e+03
-6.149424368643371e+03
-4.980768914682223e+03
-3.638559282393061e+03
-2.537369938423883e+03
-1.032214000000000e+03
-4.931859000000000e+04
-4.807308151217716e+04
-4.672691266333898e+04
-4.532905308247091e+04
-4.426865236149586e+04
-4.310096410469046e+04
-4.170363133493952e+04
-4.079722668620220e+04
-3.913991696212063e+04
-3.829428809928246e+04
-3.663638373258840e+04
-3.577818461172080e+04
-3.437328888612023e+04
-3.306242918361691e+04
-3.169581798640999e+04
-3.075273418886233e+04
-2.959158191107850e+04
-2.846472344635956e+04
-2.686865394919849e+04
-2.550428210104223e+04
-2.471680817297411e+04
-2.307583842475429e+04
-2.209931358292817e+04
-2.083545118516124e+04
-1.965851492095699e+04
-1.816765405171415e+04
-1.682827191146642e+04
-1.590031180273661e+04
-1.491794558830082e+04
-1.333889226349186e+04
-1.208186246889833e+04
-1.102211837500413e+04
-9.577376384130921e+03
-8.542617063349395e+03
-7.272166241681964e+03
-5.695731848514278e+03
-4.462912626452083e+03
-3.290204431898446e+03
-2.487473578714718e+03
-1.032214000000000e+03
-4.931859000000000e+04
-4.833861795139570e+04
-4.713433345997801e+04
-4.536474993862608e+04
-4.424572693912426e+04
-4.310465942167310e+04
-4.209565384254816e+04
-4.060282021591033e+04
-3.929768681704883e+04
-3.816408824549701e+04
-3.720982494663834e+04
-3.546294742708334e+04
-3.460180736686633e+04
-3.341525205281830e+04
-3.182909133070457e+04
-3.104233975022332e+04
-2.942418922819288e+04
-2.842721164245955e+04
-2.732015041448649e+04
-2.572568863243007e+04
-2.434407645852540e+04
-2.357613614769768e+04
-2.191152914806605e+04
-2.095665483766772e+04
-1.968730047649484e+04
-1.826929019712275e+04
-1.684205188617175e+04
-1.619501688407508e+04
-1.452590291058367e+04
-1.311041880444327e+04
-1.228540995668248e+04
-1.112974990805012e+04
-9.610262724022672e+03
-8.473931353020442e+03
-7.046000937826117e+03
-6.092884763949653e+03
-5.017616792571611e+03
-3.317746439050267e+03
-2.229675514237072e+03
-1.032214000000000e+03
-4.931859000000000e+04
-4.812418929554881e+04
-4.676560001723695e+04
-4.569993824506521e+04
-4.441973227552637e+04
-4.288515876258064e+04
-4.195436649458471e+04
-4.074748735330749e+04
-3.956620354207179e+04
-3.844527750092842e+04
-3.714177421752714e+04
-3.592336693807356e+04
-3.437104491801989e+04
-3.319080416657748e+04
-3.214090285468168e+04
-3.058114663580448e+04
-2.956074896049419e+04
-2.824670605355822e+04
-2.700460386944224e+04
-2.597165395329587e+04
-2.463772091159581e+04
-2.320201198482500e+04
-2.230957315486626e+04
-2.089623109433265e+04
-1.979290022493947e+04
-1.845314743437153e+04
-1.697848345172731e+04
-1.571267433255006e+04
-1.460275127221326e+04
-1.315136948990420e+04
-1.223643780255944e+04
-1.070167286671560e+04
-9.996713265791906e+03
-8.185593418340071e+03
-6.940123815253080e+03
-6.281722669045868e+03
-5.009593593589129e+03
-3.277410489725239e+03
-2.397544847802728e+03
-1.032214000000000e+03
-4.931859000000000e+04
-4.802744822889888e+04
-4.678998899620918e+04
-4.549366378478079e+04
-4.467389725295041e+04
-4.303786468783222e+04
-4.164235055481880e+04
-4.062001967512574e+04
-3.944169417874035e+04
-3.836829711912914e+04
-3.703722463434313e+04
-3.576776660022232e+04
-3.436859185199002e+04
-3.345330652290295e+04
-3.176229474059067e+04
-3.086995254303361e+04
-2.941087634049261e+04
-2.821653964064287e+04
-2.707355470173649e+04
-2.563391556061032e+04
-2.475096744511478e+04
-2.318751845338098e+04
-2.194987193064535e+04
-2.092630036915299e+04
-1.954518515330190e+04
-1.843126649759170e+04
-1.722019558531477e+04
-1.595644216168141e+04
-1.452131078572353e+04
-1.318306070735417e+04
-1.196729160487344e+04
-1.097173285797755e+04
-9.474623587883827e+03
-8.725649113804289e+03
-7.127524960650197e+03
-5.965477568900378e+03
-4.481751853357479e+03
-3.201544454757697e+03
-2.267150307882467e+03
-1.032214000000000e+03
-4.931859000000000e+04
-4.783902758511536e+04
-4.680201104822430e+04
-4.581519731218895e+04
-4.431451442545566e+04
-4.302527339168789e+04
-4.191319219623962e+04
-4.076526293120961e+04
-3.970022292711907e+04
-3.826963778280649e+04
-3.714637669924178e+04
-3.585296245822241e+04
-3.449923541021581e+04
-3.321392736153818e+04
-3.169756901238949e+04
-3.079113171162971e+04
-2.953512952837683e+04
-2.857583071182276e+04
-2.705585555365844e+04
-2.568347635558596e+04
-2.426868015081124e+04
-2.355293824695945e+04
-2.206401731186164e+04
-2.058577210119005e+04
-1.961781675149411e+04
-1.818301468345113e+04
-1.687817016062741e+04
-1.617472425893256e+04
-1.483969384132441e+04
-1.369045646637468e+04
-1.237426140009146e+04
-1.069300389319606e+04
-9.464234897251539e+03
-8.682219538852774e+03
-7.211249533536834e+03
-6.278909317487159e+03
-4.768609649319612e+03
-3.233733962684896e+03
-2.278335922332646e+03
-1.032214000000000e+03
-4.931859000000000e+04
-4.808047779487179e+04
-4.684236558974358e+04
-4.560425338461537e+04
-4.436614117948717e+04
-4.312802897435896e+04
-4.188991676923075e+04
-4.065180456410255e+04
-3.941369235897434e+04
-3.817558015384613e+04
-3.693746794871792e+04
-3.569935574358972e+04
-3.446124353846151e+04
-3.322313133333330e+04
-3.198501912820510e+04
-3.074690692307689e+04
-2.950879471794869e+04
-2.827068251282049e+04
-2.703257030769228e+04
-2.579445810256408e+04
-2.455634589743588e+04
-2.331823369230767e+04
-2.208012148717947e+04
-2.084200928205127e+04
-1.960389707692306e+04
-1.836578487179486e+04
-1.712767266666665e+04
-1.588956046153845e+04
-1.465144825641024e+04
-1.341333605128204e+04
-1.217522384615383e+04
-1.093711164102563e+04
-9.698999435897422e+03
-8.460887230769216e+03
-7.222775025641011e+03
-5.984662820512805e+03
-4.746550615384600e+03
-3.508438410256395e+03
-2.270326205128190e+03
-1.032214000000000e+03
