-57911.499
-56879.339
-55794.679
-54139.115
-51588.407
-50141.387
-48094.647
-46369.003
-46005.195
-43204.011
-41521.079
-39959.819
-38112.503
-37010.263
-35937.867
-33387.159
-32259.787
-30671.159
-28696.843
-27465.259
-25981.751
-23692.875
-23042.103
-20961.771
-18750.647
-18057.163
-16139.767
-13296.779
-13191.659
-10685.899
-57911.499
-54762.519
-44885.495
-36196.555
-25887.447
-15905.303
-58145.963
-51353.943
-41849.847
-32389.131
-21630.1226
-12177.079
-58110.923
-57113.803
-46333.963
-36735.563
-26849.527
-16919.883
-58005.803
-53600.107
-43767.243
-33387.159
-23962.379
-14458.283
-58040.843
-50012.043
-40852.727
-31175.127
-20832.427
-11274.263
-58075.883
-48353.335
-39560.971
-28133.611
-19079.415
-57806.379
-54762.519
-45014.839
-35668.363
-24760.075
-15940.343
-57806.379
-51752.791
-42735.083
-31790.859
-22737.559
-11708.151
-58075.883
-56914.379
-47061.579
-37244.727
-27335.915
-16661.195
-57946.539
-53540.843
-43438.475
-34314.199
-23892.299
-13930.091
-57876.459
-50809.739
-40817.687
-30471.735
-20129.035
-11309.303
-57876.459
-48892.343
-38997.739
-28696.843
-19712.727
-57946.539
-55994.103
-45970.155
-35902.827
-26251.255
-15037.527
-57946.539
-51623.447
-42406.315
-32130.443
-22279.447
-12411.543
-58040.843
-56749.995
-46568.427
-37279.767
-27899.147
-17752.619
-57946.539
-53904.651
-43672.939
-33715.927
-24091.723
-14094.475
-57876.459
-50270.731
-40453.879
-31175.127
-21266.315
-10780.203
-58145.963
-48587.799
-38276.887
-28203.691
-18950.071
-58005.803
-55231.447
-45284.343
-35433.899
-25123.883
-15142.647
-58040.843
-51952.215
-41356.695
-32329.867
-21630.1226
-12106.999
-58110.923
-57512.651
-47590.679
-37150.423
-27699.723
-17857.739
-58040.843
-53635.147
-44252.183
-33621.623
-24595.691
-14293.899
-57876.459
-50739.659
-40618.263
-30870.583
-20234.155
-11109.879
-57876.459
-47989.527
-39032.779
-28297.995
-19079.415
-58005.803
-55360.791
-44850.455
-35339.595
-25782.327
-14908.183
-58040.843
-51952.215
-41685.463
-32095.403
-21880.5986
-11778.231
-57946.539
-57712.075
-46204.619
-37479.191
-27335.915
-17952.043
-57911.499
-53001.835
-42969.547
-34314.199
-23892.299
-14528.363
-57946.539
-49508.075
-39760.395
-29908.503
-20727.307
-10780.203
