-5.814596300000000e+04
-5.814596300000000e+04
-5.814596300000000e+04
-5.814596300000000e+04
-5.814596300000000e+04
-5.814596300000000e+04
-5.814596300000000e+04
-5.814596300000000e+04
-5.814596300000000e+04
-5.814596300000000e+04
-5.814596300000000e+04
-5.814596300000000e+04
-5.814596300000000e+04
-5.814596300000000e+04
-5.814596300000000e+04
-5.814596300000000e+04
-5.814596300000000e+04
-5.814596300000000e+04
-5.814596300000000e+04
-5.814596300000000e+04
-5.814596300000000e+04
-5.814596300000000e+04
-5.814596300000000e+04
-5.814596300000000e+04
-5.814596300000000e+04
-5.814596300000000e+04
-5.814596300000000e+04
-5.814596300000000e+04
-5.814596300000000e+04
-5.814596300000000e+04
-5.814596300000000e+04
-5.814596300000000e+04
-5.814596300000000e+04
-5.814596300000000e+04
-5.814596300000000e+04
-5.814596300000000e+04
-5.814596300000000e+04
-5.814596300000000e+04
-5.814596300000000e+04
-5.814596300000000e+04
-5.692903828205128e+04
-5.722789295122946e+04
-5.692971130588927e+04
-5.671985976541276e+04
-5.672042547093565e+04
-5.701185981459945e+04
-5.664509295576583e+04
-5.718412237613450e+04
-5.665572428903864e+04
-5.708082055327381e+04
-5.713012495512509e+04
-5.675005401419709e+04
-5.703198054342575e+04
-5.677496982864025e+04
-5.683964687688877e+04
-5.715001059511772e+04
-5.699611069444411e+04
-5.681318591200518e+04
-5.669821962184525e+04
-5.701062379121739e+04
-5.679973526430674e+04
-5.718421953244724e+04
-5.700787854424677e+04
-5.672609388285261e+04
-5.690199450407532e+04
-5.682904146913477e+04
-5.672855811267277e+04
-5.665247537583802e+04
-5.723820298541186e+04
-5.699220403760604e+04
-5.702279669934278e+04
-5.683374237285008e+04
-5.662560824368637e+04
-5.666466959336890e+04
-5.689638108976026e+04
-5.702921057552352e+04
-5.670219791022517e+04
-5.700686259554750e+04
-5.709263882570255e+04
-5.692903828205128e+04
-5.571211356410256e+04
-5.581313023095232e+04
-5.569688916922121e+04
-5.557224848434161e+04
-5.574895089711629e+04
-5.553214973163872e+04
-5.561519591038436e+04
-5.583602934671696e+04
-5.551083173627799e+04
-5.583992970083089e+04
-5.552099974999247e+04
-5.554026743398775e+04
-5.591561235089278e+04
-5.593535311744532e+04
-5.548716234009896e+04
-5.577670736047749e+04
-5.588899878727164e+04
-5.594125799741027e+04
-5.566613474492799e+04
-5.582634820296904e+04
-5.547729845316873e+04
-5.550149771026571e+04
-5.550990349391659e+04
-5.546621865925658e+04
-5.575051812663535e+04
-5.542462463275203e+04
-5.579656899167661e+04
-5.565838391079073e+04
-5.598342721953485e+04
-5.549005070440078e+04
-5.551223330198813e+04
-5.577865725377941e+04
-5.556198159062456e+04
-5.559611473329397e+04
-5.598290277195477e+04
-5.572729245363136e+04
-5.566626747745008e+04
-5.562812479805495e+04
-5.545330570313591e+04
-5.571211356410256e+04
-5.449518884615384e+04
-5.467640121623150e+04
-5.422021316948201e+04
-5.449420336887684e+04
-5.435256497548961e+04
-5.470672872031827e+04
-5.463466746670035e+04
-5.443149677470106e+04
-5.467318362320928e+04
-5.426480215152711e+04
-5.445576593768342e+04
-5.459213209347863e+04
-5.450810451568345e+04
-5.421390672303553e+04
-5.472129276559709e+04
-5.420343107880486e+04
-5.458400756313438e+04
-5.421216783711598e+04
-5.438498206212669e+04
-5.478533251296066e+04
-5.455208339884294e+04
-5.432280724653008e+04
-5.426007665629728e+04
-5.433153323967542e+04
-5.451582216003951e+04
-5.430412844278696e+04
-5.438306786062030e+04
-5.465627315666872e+04
-5.428100564368715e+04
-5.427375008112081e+04
-5.450783083749792e+04
-5.460706638182255e+04
-5.429703711047876e+04
-5.420207692141373e+04
-5.456049688302669e+04
-5.440480846819362e+04
-5.455379181195244e+04
-5.441936875096877e+04
-5.477211575173265e+04
-5.449518884615384e+04
-5.327826412820512e+04
-5.313672731661319e+04
-5.299524025503243e+04
-5.337326295646020e+04
-5.345179416690365e+04
-5.306339024341603e+04
-5.321460026988524e+04
-5.301134357214381e+04
-5.358665879449809e+04
-5.300261406899254e+04
-5.354397444407622e+04
-5.338629972385764e+04
-5.341854197333271e+04
-5.303324274139677e+04
-5.355709822349179e+04
-5.356350454168954e+04
-5.331104936474503e+04
-5.326406784688224e+04
-5.308582639425418e+04
-5.327276249509643e+04
-5.315613282144418e+04
-5.324623210392961e+04
-5.329989528836183e+04
-5.298574968709376e+04
-5.341930338293654e+04
-5.345449592240631e+04
-5.304065530929340e+04
-5.314053223658067e+04
-5.322667725553313e+04
-5.321853741188168e+04
-5.357609027796065e+04
-5.345457463377638e+04
-5.336987387723383e+04
-5.302670391973633e+04
-5.354124747469564e+04
-5.333475466798589e+04
-5.345995190686560e+04
-5.308660647567733e+04
-5.312089150966826e+04
-5.327826412820512e+04
-5.206133941025640e+04
-5.183085978923277e+04
-5.189052800760148e+04
-5.200305244024510e+04
-5.201521849737972e+04
-5.195923013979622e+04
-5.205762087381289e+04
-5.208999266240925e+04
-5.231119910733170e+04
-5.192690715785504e+04
-5.228762912839309e+04
-5.212237180181176e+04
-5.191798657929684e+04
-5.208307110045372e+04
-5.236686280292609e+04
-5.214429775436875e+04
-5.193668318935306e+04
-5.188573292865849e+04
-5.225598687459339e+04
-5.185399336142876e+04
-5.198537198327239e+04
-5.184497128252677e+04
-5.198666054074259e+04
-5.236852406455576e+04
-5.227972893389952e+04
-5.211463600378232e+04
-5.208203002612414e+04
-5.189611781333866e+04
-5.233611084932715e+04
-5.229577101935616e+04
-5.235551881585964e+04
-5.234478639370420e+04
-5.223284461538626e+04
-5.180079173819684e+04
-5.195707636615909e+04
-5.183822882928692e+04
-5.181670318639796e+04
-5.216779815491890e+04
-5.203132892363103e+04
-5.206133941025640e+04
-5.084441469230768e+04
-5.092445869540890e+04
-5.064728252689560e+04
-5.098259459694755e+04
-5.063477495452190e+04
-5.089872007414400e+04
-5.064114776181352e+04
-5.080071895836836e+04
-5.067742028327822e+04
-5.079000464927426e+04
-5.073955293396504e+04
-5.085252141062510e+04
-5.070241508339447e+04
-5.063679314297069e+04
-5.055638899549648e+04
-5.058417650599105e+04
-5.099448414746430e+04
-5.094364623944015e+04
-5.086836984620264e+04
-5.080777755077595e+04
-5.062348169538375e+04
-5.099705255534359e+04
-5.060479160688867e+04
-5.054647971126901e+04
-5.105948928284011e+04
-5.109138194866144e+04
-5.112531762395718e+04
-5.101167211619918e+04
-5.109888696707218e+04
-5.057774925045080e+04
-5.113503524977569e+04
-5.091791692732686e+04
-5.082730069648267e+04
-5.100090533196372e+04
-5.067333233470667e+04
-5.062472706722879e+04
-5.064228096630477e+04
-5.083835610339003e+04
-5.082303867787953e+04
-5.084441469230768e+04
-4.962748997435896e+04
-4.948566299476022e+04
-4.949137809853021e+04
-4.961948065697431e+04
-4.980816856870036e+04
-4.985769455279328e+04
-4.987742600941483e+04
-4.976441095746131e+04
-4.936258993280562e+04
-4.942882550527805e+04
-4.989056379131837e+04
-4.982118047751532e+04
-4.951535091056910e+04
-4.960560229042859e+04
-4.986276967792374e+04
-4.935333310314293e+04
-4.975891194336695e+04
-4.985522956441243e+04
-4.944408913686045e+04
-4.954057551986573e+04
-4.961182431490076e+04
-4.950054970557476e+04
-4.982713245424966e+04
-4.955319223700417e+04
-4.947492982274335e+04
-4.939246872116406e+04
-4.941824001092507e+04
-4.991624159443283e+04
-4.937952817223909e+04
-4.989615638264007e+04
-4.942315596160187e+04
-4.991457106201293e+04
-4.964138284224219e+04
-4.981956447604198e+04
-4.991402890837448e+04
-4.974863601480428e+04
-4.961341195452845e+04
-4.964507204698346e+04
-4.942988987015987e+04
-4.962748997435896e+04
-4.841056525641023e+04
-4.863273087018393e+04
-4.838713100914427e+04
-4.862328741998145e+04
-4.814930800545283e+04
-4.823720705743384e+04
-4.823733553415503e+04
-4.828601439952991e+04
-4.859077448035454e+04
-4.833812716646151e+04
-4.859888327868320e+04
-4.820896349252137e+04
-4.816815192061083e+04
-4.871119914906038e+04
-4.810594565535062e+04
-4.810185894624629e+04
-4.835680232740214e+04
-4.871711508503926e+04
-4.833339368661631e+04
-4.847802041172530e+04
-4.828350965904301e+04
-4.828987285357455e+04
-4.821228585723774e+04
-4.868401016983360e+04
-4.847799104867750e+04
-4.846109796470264e+04
-4.866477330423036e+04
-4.863664520012479e+04
-4.842575586713976e+04
-4.827413306338159e+04
-4.867301301958985e+04
-4.864703310893992e+04
-4.829994711448752e+04
-4.867636534721740e+04
-4.871641707147092e+04
-4.816241170532296e+04
-4.834606165126086e+04
-4.822879282594904e+04
-4.844917911263683e+04
-4.841056525641023e+04
-4.719364053846151e+04
-4.745949023071143e+04
-4.694426584331844e+04
-4.745118458586283e+04
-4.719207510234613e+04
-4.742023309081917e+04
-4.728363811267377e+04
-4.742274062084410e+04
-4.699199639891241e+04
-4.703758804660152e+04
-4.718462150724627e+04
-4.731286355890180e+04
-4.727981433880683e+04
-4.702611804184649e+04
-4.688435628896091e+04
-4.742482195384693e+04
-4.722900605308921e+04
-4.699616251110117e+04
-4.722097946140435e+04
-4.743294339303541e+04
-4.721425568571512e+04
-4.718336345665459e+04
-4.704611085886728e+04
-4.744600744241903e+04
-4.705110214010574e+04
-4.696287006356711e+04
-4.697077584678703e+04
-4.725740325573663e+04
-4.741063388771874e+04
-4.731949031674770e+04
-4.699410078807222e+04
-4.726528148988214e+04
-4.704129568676168e+04
-4.704317340409325e+04
-4.717727633874522e+04
-4.734879842920334e+04
-4.747975179346400e+04
-4.693902745522837e+04
-4.714242724721564e+04
-4.719364053846151e+04
-4.597671582051279e+04
-4.594620264566372e+04
-4.584092765888092e+04
-4.623103886360149e+04
-4.567622405455521e+04
-4.626797336585050e+04
-4.609303355001564e+04
-4.617156586547440e+04
-4.610083926171373e+04
-4.608909277460565e+04
-4.580173860485943e+04
-4.583417143345663e+04
-4.615013255395498e+04
-4.578746165603069e+04
-4.598816350112181e+04
-4.619691047442803e+04
-4.622143270674581e+04
-4.594477315833289e+04
-4.620053675205655e+04
-4.606086005837123e+04
-4.606313348192682e+04
-4.604486542841563e+04
-4.624593189629490e+04
-4.628380540734008e+04
-4.606289613258844e+04
-4.598934757475608e+04
-4.618584436812883e+04
-4.592425551431522e+04
-4.571686294146672e+04
-4.601532237013806e+04
-4.578745351767967e+04
-4.628256084773522e+04
-4.615900293111410e+04
-4.576467391460194e+04
-4.616461458402141e+04
-4.606369137263227e+04
-4.604888029946553e+04
-4.607822739994722e+04
-4.610341330603878e+04
-4.597671582051279e+04
-4.475979110256407e+04
-4.482915592969784e+04
-4.494249055940007e+04
-4.459213048360962e+04
-4.504443864456214e+04
-4.483735934643648e+04
-4.493147043651902e+04
-4.454146954045165e+04
-4.498187201590360e+04
-4.505639812521858e+04
-4.488043715177757e+04
-4.475517265185118e+04
-4.483018988593762e+04
-4.450529869997859e+04
-4.466919693866394e+04
-4.459392461244593e+04
-4.503731823763091e+04
-4.476000735857294e+04
-4.474369208242037e+04
-4.487215138342934e+04
-4.462834353420156e+04
-4.497105455551694e+04
-4.466202498544681e+04
-4.447294681021594e+04
-4.477853350872115e+04
-4.462219705406205e+04
-4.501611609185465e+04
-4.495168084647255e+04
-4.483547590614565e+04
-4.498796103479261e+04
-4.492427532975841e+04
-4.464288639620366e+04
-4.467645803162579e+04
-4.491934378498411e+04
-4.451169641128392e+04
-4.497099366232150e+04
-4.449276626052985e+04
-4.470339078759254e+04
-4.464065381614850e+04
-4.475979110256407e+04
-4.354286638461535e+04
-4.324492380469533e+04
-4.372901248963040e+04
-4.327669449939749e+04
-4.345151080580298e+04
-4.362050878869868e+04
-4.330544759895072e+04
-4.345485479321818e+04
-4.350527511510485e+04
-4.356932159804220e+04
-4.336763276009220e+04
-4.340207186233887e+04
-4.333550632936953e+04
-4.370307300601181e+04
-4.357593002331922e+04
-4.329158706426644e+04
-4.352993768411395e+04
-4.326274430866752e+04
-4.379784260636225e+04
-4.352276510031378e+04
-4.349888584081199e+04
-4.370685418106979e+04
-4.323491325691887e+04
-4.358293439495081e+04
-4.370538776119229e+04
-4.340006612318951e+04
-4.356808827587634e+04
-4.354491945182553e+04
-4.325146689425537e+04
-4.369902661069531e+04
-4.368750839755406e+04
-4.336946255260019e+04
-4.376522822221857e+04
-4.370732039063164e+04
-4.384295931651374e+04
-4.368347627642661e+04
-4.360877307888462e+04
-4.351158636310259e+04
-4.353936217642625e+04
-4.354286638461535e+04
-4.232594166666663e+04
-4.210126341353753e+04
-4.233825241544816e+04
-4.226369988540938e+04
-4.218294748742595e+04
-4.201839995169937e+04
-4.204510411373493e+04
-4.218398199644728e+04
-4.254714415022209e+04
-4.227916813428375e+04
-4.250355013787314e+04
-4.237935016603875e+04
-4.257394658925519e+04
-4.261155637988109e+04
-4.202064769550555e+04
-4.252003318780201e+04
-4.222057097184611e+04
-4.247665450031452e+04
-4.229596458475833e+04
-4.237621557564059e+04
-4.247967878225224e+04
-4.213461036174520e+04
-4.235052037944524e+04
-4.259957583145131e+04
-4.215324965446143e+04
-4.235080867152037e+04
-4.250701477034984e+04
-4.253225719954486e+04
-4.222364903772643e+04
-4.253927635176141e+04
-4.239780659387037e+04
-4.223720988334937e+04
-4.202536161529687e+04
-4.221790900505959e+04
-4.218852958441975e+04
-4.213054986453036e+04
-4.211673406056804e+04
-4.255341533932636e+04
-4.208724537605591e+04
-4.232594166666663e+04
-4.110901694871791e+04
-4.098779912601912e+04
-4.125751172157619e+04
-4.085764945680548e+04
-4.121221408520776e+04
-4.107206646936325e+04
-4.107343035391693e+04
-4.130430626752287e+04
-4.115805695570126e+04
-4.131278061791533e+04
-4.116628715066885e+04
-4.124581706259008e+04
-4.122607998829512e+04
-4.116545473116967e+04
-4.101918053294847e+04
-4.140550478548193e+04
-4.130058118396784e+04
-4.124513428358157e+04
-4.129132223553601e+04
-4.137425028249751e+04
-4.095105074684338e+04
-4.123798494499821e+04
-4.123133132808129e+04
-4.096985615606178e+04
-4.085209516505941e+04
-4.083105230605964e+04
-4.107500328705821e+04
-4.089751594017811e+04
-4.129357692632325e+04
-4.098248486674851e+04
-4.114614848714220e+04
-4.087732532004625e+04
-4.116460039603437e+04
-4.140299441890711e+04
-4.132917453867762e+04
-4.107465959171861e+04
-4.105069775634542e+04
-4.118435123989869e+04
-4.103641888858737e+04
-4.110901694871791e+04
-3.989209223076919e+04
-3.975735560524367e+04
-3.979331584874412e+04
-3.968443332338383e+04
-3.996374869212065e+04
-3.965811449193694e+04
-3.992978102425703e+04
-3.977533576851557e+04
-3.990961015223849e+04
-3.977911041502165e+04
-4.000259288933043e+04
-3.961973791790690e+04
-3.982149341476204e+04
-4.017971727468820e+04
-4.006910924439794e+04
-3.972055408262149e+04
-3.972669164937652e+04
-3.973317405132575e+04
-3.966639446917571e+04
-4.009073697559119e+04
-3.968398706226809e+04
-3.963771495094781e+04
-3.999069016511615e+04
-3.982305647276044e+04
-3.992940632685667e+04
-3.987620636569171e+04
-3.972403638017502e+04
-3.997680977748793e+04
-3.990396497707997e+04
-4.002678339254047e+04
-4.002069990641093e+04
-3.992052724752983e+04
-4.003459842657466e+04
-3.964386067535054e+04
-3.989006629027533e+04
-4.007748187579978e+04
-3.961008261073400e+04
-3.997674062322961e+04
-3.979923058517499e+04
-3.989209223076919e+04
-3.867516751282047e+04
-3.869878415758732e+04
-3.894749477135806e+04
-3.847345353537212e+04
-3.888218681368883e+04
-3.879061736647987e+04
-3.837591800006674e+04
-3.895008118760014e+04
-3.887530564398094e+04
-3.874210181682187e+04
-3.870761890374096e+04
-3.868010108599775e+04
-3.894279397275182e+04
-3.871338640959589e+04
-3.837575733248156e+04
-3.862637394509005e+04
-3.884724002243464e+04
-3.859267082060883e+04
-3.853348328715725e+04
-3.845601256610727e+04
-3.860322945968204e+04
-3.888730137686644e+04
-3.836624423288839e+04
-3.875167340575771e+04
-3.896779089986149e+04
-3.896036669696648e+04
-3.878183295857499e+04
-3.869061555812536e+04
-3.883933400392377e+04
-3.851300154423819e+04
-3.841322804595491e+04
-3.869211510898641e+04
-3.852323835347618e+04
-3.881008823668767e+04
-3.849970199595321e+04
-3.837149735018399e+04
-3.882919897128252e+04
-3.892767370891095e+04
-3.896469046422977e+04
-3.867516751282047e+04
-3.745824279487174e+04
-3.734811187966185e+04
-3.761750109669940e+04
-3.733311374852023e+04
-3.752655501005647e+04
-3.731967241674336e+04
-3.718414621848713e+04
-3.748815557175603e+04
-3.772096746808349e+04
-3.757584448866508e+04
-3.714927643664413e+04
-3.722530837521367e+04
-3.723450707529060e+04
-3.761945348041137e+04
-3.765468743194539e+04
-3.718175372607357e+04
-3.750361715879723e+04
-3.755803785990878e+04
-3.735151089748587e+04
-3.753532809342854e+04
-3.735888174499221e+04
-3.722935764334324e+04
-3.753429241022832e+04
-3.724546406799326e+04
-3.773556701484731e+04
-3.769676419691346e+04
-3.767838711027809e+04
-3.749772558460840e+04
-3.723710666839987e+04
-3.745978982019229e+04
-3.737402382674150e+04
-3.727412764895101e+04
-3.758295335784395e+04
-3.771087540192058e+04
-3.769747398003001e+04
-3.744740724083627e+04
-3.736056619832889e+04
-3.768461162766016e+04
-3.754021782955467e+04
-3.745824279487174e+04
-3.624131807692302e+04
-3.652438399067457e+04
-3.608312414791596e+04
-3.642363175028277e+04
-3.620900506394096e+04
-3.595261105687782e+04
-3.594646050677777e+04
-3.650439780877115e+04
-3.609336427125802e+04
-3.599268262670016e+04
-3.612128225397388e+04
-3.604737601364090e+04
-3.618343981263431e+04
-3.638710149294651e+04
-3.612986418723199e+04
-3.613839855204736e+04
-3.612101531043189e+04
-3.642675278828904e+04
-3.603260006223315e+04
-3.632657317411552e+04
-3.613897953136212e+04
-3.619261644400784e+04
-3.631123586089286e+04
-3.594820193755539e+04
-3.625939510067531e+04
-3.627448353722775e+04
-3.626116210689142e+04
-3.643323933327871e+04
-3.597075984122847e+04
-3.618716614374793e+04
-3.596580227841794e+04
-3.600501861359092e+04
-3.605238694980551e+04
-3.601813298132949e+04
-3.647412171454667e+04
-3.647616903505693e+04
-3.630575124099264e+04
-3.605107395953629e+04
-3.595015751132369e+04
-3.624131807692302e+04
-3.502439335897430e+04
-3.507713016674142e+04
-3.516573502414836e+04
-3.495347615717175e+04
-3.509431003855795e+04
-3.485930527299761e+04
-3.526018580591014e+04
-3.478296008599528e+04
-3.528703595540605e+04
-3.514260969934946e+04
-3.506003303181398e+04
-3.479531785691329e+04
-3.501204250057630e+04
-3.490340329848612e+04
-3.498834947032659e+04
-3.495330983709588e+04
-3.492123927879124e+04
-3.525621582070671e+04
-3.483098706244136e+04
-3.504508947090511e+04
-3.474360927185817e+04
-3.479453450034549e+04
-3.477531110996982e+04
-3.499490749310988e+04
-3.506549516517756e+04
-3.506332605318056e+04
-3.491300199166533e+04
-3.511272796909219e+04
-3.478926686287073e+04
-3.531320470317504e+04
-3.481620956296271e+04
-3.496890555618486e+04
-3.476377542077789e+04
-3.479248803909079e+04
-3.507141426881547e+04
-3.524770127240811e+04
-3.505340888969894e+04
-3.476471238562963e+04
-3.517287108755347e+04
-3.502439335897430e+04
-3.380746864102558e+04
-3.356690878112800e+04
-3.362174498783145e+04
-3.407511183158932e+04
-3.357808762430526e+04
-3.394609152177438e+04
-3.389727816268689e+04
-3.381073947368758e+04
-3.362981126738081e+04
-3.360008534798571e+04
-3.366788753575854e+04
-3.364323083484759e+04
-3.369126810496471e+04
-3.358417408565041e+04
-3.366831329402816e+04
-3.374686887677597e+04
-3.406464068278347e+04
-3.404521259428730e+04
-3.355677789077555e+04
-3.370129093321507e+04
-3.411488764044135e+04
-3.410699853169463e+04
-3.367602073896879e+04
-3.370667224231413e+04
-3.388295220512529e+04
-3.408642716071906e+04
-3.364692651350550e+04
-3.363366722080726e+04
-3.369311629251276e+04
-3.394279837784158e+04
-3.402186428785032e+04
-3.385290973756959e+04
-3.369628620700458e+04
-3.370148855784060e+04
-3.392905310591436e+04
-3.396301305067362e+04
-3.351544146735856e+04
-3.375766646374018e+04
-3.403881538519479e+04
-3.380746864102558e+04
-3.259054392307686e+04
-3.241457389848995e+04
-3.255246216070328e+04
-3.271547836658415e+04
-3.282154506992861e+04
-3.284830302013231e+04
-3.264827285801931e+04
-3.251491409119130e+04
-3.266088188280301e+04
-3.277613273902026e+04
-3.256610558441138e+04
-3.256631766989227e+04
-3.283792420675686e+04
-3.278079938065278e+04
-3.274504703811642e+04
-3.238723656940164e+04
-3.231666388511913e+04
-3.269177354518482e+04
-3.266364552653099e+04
-3.229529287695257e+04
-3.278071835363004e+04
-3.254745430938588e+04
-3.238864960226528e+04
-3.281448346753815e+04
-3.273356849896099e+04
-3.239988208590437e+04
-3.233535918862105e+04
-3.228452981943640e+04
-3.288712847518770e+04
-3.249281532559446e+04
-3.260040554348649e+04
-3.272309636424629e+04
-3.233390655612577e+04
-3.276078702380222e+04
-3.282575267215881e+04
-3.261168551196895e+04
-3.289041595750736e+04
-3.279186705831476e+04
-3.282181550663742e+04
-3.259054392307686e+04
-3.137361920512815e+04
-3.143562557610337e+04
-3.136889189020117e+04
-3.110565169386754e+04
-3.128183850096113e+04
-3.150435237931498e+04
-3.147805790405568e+04
-3.110619731516838e+04
-3.138289963380969e+04
-3.166995793672161e+04
-3.142666228737371e+04
-3.161547293066513e+04
-3.108163116085222e+04
-3.107907403481517e+04
-3.113956148925055e+04
-3.141261629968053e+04
-3.131606853815079e+04
-3.113280244180557e+04
-3.134137566692328e+04
-3.160308311196018e+04
-3.116666956483078e+04
-3.119944500230094e+04
-3.161790665609244e+04
-3.149030415779389e+04
-3.159551917333764e+04
-3.162839419085289e+04
-3.161309963683665e+04
-3.146163597124209e+04
-3.121183768532336e+04
-3.163008736345855e+04
-3.142562652124637e+04
-3.118108047016433e+04
-3.127220328900631e+04
-3.142739651772602e+04
-3.155842987766488e+04
-3.120011260342603e+04
-3.124222287716153e+04
-3.167823410748580e+04
-3.147297656890480e+04
-3.137361920512815e+04
-3.015669448717943e+04
-2.985864251195345e+04
-3.001036229064768e+04
-3.044430209975830e+04
-3.007172755133945e+04
-3.038480734442150e+04
-3.034765005594651e+04
-3.017442554962756e+04
-2.994373722758183e+04
-3.031909364029416e+04
-3.006962834811965e+04
-2.994954991198104e+04
-3.019814816243104e+04
-3.019836220525689e+04
-3.022887807595171e+04
-3.034622946722813e+04
-3.020940383424599e+04
-3.021925873370802e+04
-3.035783075077265e+04
-2.985946809818627e+04
-3.003599304292467e+04
-3.040634323375692e+04
-3.038769119017557e+04
-3.026469331988692e+04
-2.998362278507027e+04
-3.017720214621504e+04
-3.011965755846736e+04
-3.008421947156552e+04
-2.987596455466187e+04
-3.045859697164147e+04
-2.997242921874639e+04
-3.002856735620139e+04
-3.021385839002720e+04
-3.004488802349130e+04
-3.007937159776341e+04
-3.000054622946001e+04
-3.035665489847232e+04
-3.030113284158107e+04
-3.021033448777878e+04
-3.015669448717943e+04
-2.893976976923071e+04
-2.864899317881207e+04
-2.914758425624851e+04
-2.885644844381508e+04
-2.880121982691696e+04
-2.882343823598810e+04
-2.864705808568401e+04
-2.899104404233415e+04
-2.892241152385771e+04
-2.865949026254121e+04
-2.878694571737731e+04
-2.894341435936233e+04
-2.920998193947881e+04
-2.887702909811108e+04
-2.879797214052159e+04
-2.895711314547552e+04
-2.879548048932671e+04
-2.915213627939120e+04
-2.876455672357594e+04
-2.888179136469430e+04
-2.900633092243845e+04
-2.917666351710831e+04
-2.881526339677432e+04
-2.863643410004624e+04
-2.873532234355634e+04
-2.911913849442518e+04
-2.880384483762238e+04
-2.865912680645997e+04
-2.910190636178283e+04
-2.864772675640725e+04
-2.906515641878162e+04
-2.865498345401929e+04
-2.863409789485646e+04
-2.889864977860348e+04
-2.870418257227143e+04
-2.894069779961758e+04
-2.916585244218440e+04
-2.917893216927813e+04
-2.920744217934854e+04
-2.893976976923071e+04
-2.772284505128199e+04
-2.780357090916725e+04
-2.773060801025979e+04
-2.746912275900863e+04
-2.783176379123638e+04
-2.802145563855678e+04
-2.770149092086666e+04
-2.751019285810780e+04
-2.794130325540831e+04
-2.764651283873935e+04
-2.756580981450706e+04
-2.742002196022502e+04
-2.779958817819835e+04
-2.794332739919512e+04
-2.782157666338742e+04
-2.751531058824967e+04
-2.793162482789038e+04
-2.789549185889327e+04
-2.745035742751234e+04
-2.750478217525448e+04
-2.743155603466046e+04
-2.747837560504557e+04
-2.787354935472143e+04
-2.794574407944655e+04
-2.750473850302154e+04
-2.781163762175020e+04
-2.792000294343376e+04
-2.759572681716991e+04
-2.792404251361811e+04
-2.768742285589304e+04
-2.778963764004916e+04
-2.771135928500262e+04
-2.747353979280041e+04
-2.781869843383938e+04
-2.790774235447457e+04
-2.749447474629839e+04
-2.770458396011902e+04
-2.744511424079453e+04
-2.752747684709490e+04
-2.772284505128199e+04
-2.650592033333328e+04
-2.638115901247055e+04
-2.634485637443710e+04
-2.678882784215951e+04
-2.678343366100102e+04
-2.647320660618718e+04
-2.676649802978672e+04
-2.660157935711768e+04
-2.619836110852366e+04
-2.655366849603012e+04
-2.655747488957517e+04
-2.640320497111029e+04
-2.678044781982003e+04
-2.655306106057999e+04
-2.667446569227877e+04
-2.643856711630687e+04
-2.661115006188088e+04
-2.661345606919609e+04
-2.655134365949801e+04
-2.640116849611152e+04
-2.664545007989555e+04
-2.669945837491338e+04
-2.632432320100965e+04
-2.663275377347616e+04
-2.670470412507181e+04
-2.675895236854444e+04
-2.640883605149579e+04
-2.644519149870115e+04
-2.678483220350037e+04
-2.640874004225286e+04
-2.626322028995582e+04
-2.632844007946698e+04
-2.673177226845414e+04
-2.658243403760768e+04
-2.649032515464619e+04
-2.677263447354530e+04
-2.652946742977448e+04
-2.679450605102469e+04
-2.648651816605243e+04
-2.650592033333328e+04
-2.528899561538456e+04
-2.514871691554667e+04
-2.533113638410492e+04
-2.533355366932051e+04
-2.514627516685198e+04
-2.541726101420290e+04
-2.513280749919970e+04
-2.537030305856574e+04
-2.557341899389649e+04
-2.541672612989881e+04
-2.516317868615593e+04
-2.531907995616664e+04
-2.514762748472176e+04
-2.510513924294968e+04
-2.558145498057704e+04
-2.533279681143693e+04
-2.515421792844556e+04
-2.553506296172231e+04
-2.526954090942505e+04
-2.554126347871573e+04
-2.531621566736786e+04
-2.543611551150432e+04
-2.508992729593951e+04
-2.532255474318925e+04
-2.539937139242676e+04
-2.512571410542352e+04
-2.530546261203278e+04
-2.520994702477805e+04
-2.556038608622055e+04
-2.520926513026891e+04
-2.539854706960227e+04
-2.531563429565634e+04
-2.541988603876050e+04
-2.535730123661594e+04
-2.528436893897503e+04
-2.515942002371222e+04
-2.520236699603487e+04
-2.505132506318326e+04
-2.538873965832140e+04
-2.528899561538456e+04
-2.407207089743584e+04
-2.423965997138548e+04
-2.388577917163689e+04
-2.402240082164226e+04
-2.432461581900794e+04
-2.390834444965185e+04
-2.423916401867675e+04
-2.426199247401016e+04
-2.419050792466041e+04
-2.377964902225532e+04
-2.432624537424145e+04
-2.396368618617978e+04
-2.420976095181595e+04
-2.413705470126353e+04
-2.402381785178761e+04
-2.420689206115105e+04
-2.380155582848465e+04
-2.418169447420012e+04
-2.401329339881935e+04
-2.419213533131047e+04
-2.403291937833163e+04
-2.414876081180186e+04
-2.412284573237562e+04
-2.423858842578380e+04
-2.422085474483655e+04
-2.418356913667829e+04
-2.384248965681856e+04
-2.404983216492430e+04
-2.410940978605025e+04
-2.431896359963818e+04
-2.420954026230474e+04
-2.432533046170392e+04
-2.425102782670152e+04
-2.416887801475390e+04
-2.416262256992910e+04
-2.430842304709373e+04
-2.388061008579743e+04
-2.402819526687485e+04
-2.434413856162707e+04
-2.407207089743584e+04
-2.285514617948712e+04
-2.255578785781478e+04
-2.316023016707146e+04
-2.301514343909560e+04
-2.292830088898972e+04
-2.275406713780062e+04
-2.271567112974156e+04
-2.299521964596512e+04
-2.260392197211427e+04
-2.279755075293026e+04
-2.259863766855908e+04
-2.309463120355642e+04
-2.310889352363044e+04
-2.270286249693565e+04
-2.307713187633998e+04
-2.282043529425850e+04
-2.310983286667712e+04
-2.303455371075850e+04
-2.303163822112398e+04
-2.286951387179277e+04
-2.312717460500681e+04
-2.301617129674632e+04
-2.278528687201080e+04
-2.296104204664773e+04
-2.257408535113163e+04
-2.270629900344799e+04
-2.289165168590717e+04
-2.267490513232971e+04
-2.263409727321245e+04
-2.290888830178169e+04
-2.307753361162947e+04
-2.303488863649384e+04
-2.307421390118022e+04
-2.295766144848788e+04
-2.304674218317109e+04
-2.282183331224877e+04
-2.265503678352034e+04
-2.281072607907431e+04
-2.279256392969324e+04
-2.285514617948712e+04
-2.163822146153841e+04
-2.167188481551826e+04
-2.155612528516887e+04
-2.160612399247198e+04
-2.189115764387996e+04
-2.166934521095667e+04
-2.146940555124482e+04
-2.177187191412014e+04
-2.166957462527841e+04
-2.181269912129986e+04
-2.177440135395043e+04
-2.181210008138996e+04
-2.149436540496900e+04
-2.177922349241626e+04
-2.166906908834901e+04
-2.165450502360197e+04
-2.154982285724874e+04
-2.184014392819420e+04
-2.133911440738931e+04
-2.170627195967328e+04
-2.156115506424769e+04
-2.158298146396484e+04
-2.139510642594844e+04
-2.138217986093021e+04
-2.134645469232716e+04
-2.177373626364620e+04
-2.157459918037607e+04
-2.190394365560810e+04
-2.163109311857505e+04
-2.171424171087035e+04
-2.190457448865642e+04
-2.138517749016172e+04
-2.180011659889948e+04
-2.172495217955960e+04
-2.181456915788730e+04
-2.156514635944524e+04
-2.157960680638061e+04
-2.188852215834027e+04
-2.168106755338323e+04
-2.163822146153841e+04
-2.042129674358969e+04
-2.060643415770390e+04
-2.012153514095699e+04
-2.018498382736111e+04
-2.046600531324137e+04
-2.012898392617835e+04
-2.042841454996385e+04
-2.015824941474917e+04
-2.058223007904757e+04
-2.049461596044179e+04
-2.030344415222617e+04
-2.018110046232012e+04
-2.025723723549546e+04
-2.064803472214093e+04
-2.012787349556866e+04
-2.064455030113309e+04
-2.021925101417131e+04
-2.051564509866965e+04
-2.032183351668728e+04
-2.065389519242846e+04
-2.049727586833988e+04
-2.039365800893188e+04
-2.019489287999925e+04
-2.021110424122952e+04
-2.065158766368781e+04
-2.036833086887497e+04
-2.072061006629938e+04
-2.027397362047799e+04
-2.037294598028106e+04
-2.055499077612778e+04
-2.038465320895333e+04
-2.041196982736749e+04
-2.063157045270407e+04
-2.053336857706420e+04
-2.042137800418469e+04
-2.064573578438420e+04
-2.013474225513588e+04
-2.058315988295831e+04
-2.068458853994152e+04
-2.042129674358969e+04
-1.920437202564097e+04
-1.941392510828149e+04
-1.933662779675199e+04
-1.901607291229347e+04
-1.949846951793597e+04
-1.898172564695759e+04
-1.944399727647505e+04
-1.910688203578772e+04
-1.910264134214861e+04
-1.894219691415372e+04
-1.925508103165382e+04
-1.932201916622173e+04
-1.940895540155645e+04
-1.917679282222236e+04
-1.942785888478155e+04
-1.904767210260425e+04
-1.932910132866927e+04
-1.921227379059935e+04
-1.918693512535745e+04
-1.916359981270873e+04
-1.948408055582400e+04
-1.928884514845856e+04
-1.916210143737231e+04
-1.935546341956552e+04
-1.914356650270495e+04
-1.908407903638657e+04
-1.945166297102056e+04
-1.907157357686483e+04
-1.935430910866603e+04
-1.920449900019532e+04
-1.931054521907976e+04
-1.946115705234048e+04
-1.949557817212891e+04
-1.945178308327273e+04
-1.926690800934012e+04
-1.948103035372903e+04
-1.899527884584969e+04
-1.918705605189551e+04
-1.899818776451072e+04
-1.920437202564097e+04
-1.798744730769225e+04
-1.795950700062911e+04
-1.803251048169816e+04
-1.801817914864577e+04
-1.787443349222699e+04
-1.823566484957188e+04
-1.802740461665076e+04
-1.780719979581594e+04
-1.803604949372554e+04
-1.785959589834388e+04
-1.819645262757590e+04
-1.811492380960859e+04
-1.783470452043750e+04
-1.782326338292273e+04
-1.822333076378008e+04
-1.822109719344986e+04
-1.788928896061620e+04
-1.774961183886023e+04
-1.797319235472534e+04
-1.816482453175988e+04
-1.803746485956916e+04
-1.787620835934372e+04
-1.797001578069261e+04
-1.798149091688224e+04
-1.814440924403169e+04
-1.806772380089660e+04
-1.822185249158184e+04
-1.805842580130883e+04
-1.774648620549425e+04
-1.771802316474221e+04
-1.810776755325014e+04
-1.795759571331078e+04
-1.795428519118567e+04
-1.778071415058533e+04
-1.805191019948745e+04
-1.801738938095673e+04
-1.767821164722805e+04
-1.779946819637223e+04
-1.767858669655504e+04
-1.798744730769225e+04
-1.677052258974354e+04
-1.659425834906288e+04
-1.707132417159980e+04
-1.705121569529491e+04
-1.675558356308979e+04
-1.651051167151652e+04
-1.653567945984391e+04
-1.695597041734227e+04
-1.653819619008009e+04
-1.689843717918226e+04
-1.652162035881029e+04
-1.655739263655972e+04
-1.688656201970191e+04
-1.672873764842082e+04
-1.674075189850878e+04
-1.650169515378012e+04
-1.686912738601407e+04
-1.702638156814614e+04
-1.693522376219323e+04
-1.677901253870354e+04
-1.653542571536375e+04
-1.672737481662823e+04
-1.685234933137982e+04
-1.706325436662587e+04
-1.652027428625613e+04
-1.695204418214574e+04
-1.658258048767509e+04
-1.657224983999984e+04
-1.695630725996074e+04
-1.687677039666817e+04
-1.678655217730729e+04
-1.668385145053696e+04
-1.653575093220920e+04
-1.671183966054208e+04
-1.670644755224788e+04
-1.651386438192990e+04
-1.657109814862726e+04
-1.694390272379540e+04
-1.673107955018692e+04
-1.677052258974354e+04
-1.555359787179482e+04
-1.562231150982533e+04
-1.570032795665160e+04
-1.580949114846848e+04
-1.577877160285016e+04
-1.582142599620196e+04
-1.565686927050860e+04
-1.540652684222553e+04
-1.544943994770206e+04
-1.580891762544893e+04
-1.556236719311936e+04
-1.578126891614051e+04
-1.563401573632850e+04
-1.564468016355407e+04
-1.562876423364750e+04
-1.539902091744810e+04
-1.537245360424720e+04
-1.573958129374683e+04
-1.526161946900126e+04
-1.580978895710091e+04
-1.565114054027104e+04
-1.579177916861932e+04
-1.567129302963300e+04
-1.533865339730647e+04
-1.552441943551700e+04
-1.552970811504282e+04
-1.542943991367667e+04
-1.575951358583239e+04
-1.545121488476132e+04
-1.582002120077348e+04
-1.538424461293159e+04
-1.586160180125158e+04
-1.576880060480872e+04
-1.524500050255027e+04
-1.572957529251349e+04
-1.559353777311945e+04
-1.559256878997222e+04
-1.529302310729499e+04
-1.536266412366662e+04
-1.555359787179482e+04
-1.433667315384610e+04
-1.463854147871497e+04
-1.437047327954781e+04
-1.442922561790834e+04
-1.417235210831286e+04
-1.441007764984855e+04
-1.445272846375057e+04
-1.423735586414195e+04
-1.448049994415044e+04
-1.436854603652110e+04
-1.417165512090519e+04
-1.440365168839765e+04
-1.432316187845358e+04
-1.403948189198681e+04
-1.418895603924061e+04
-1.405785170144538e+04
-1.425482770255068e+04
-1.459253362243817e+04
-1.411658120322097e+04
-1.403883173267829e+04
-1.460420838060513e+04
-1.445894544306957e+04
-1.427106051695336e+04
-1.448732871825406e+04
-1.431713164476451e+04
-1.462219722632588e+04
-1.456225021379546e+04
-1.418438785009832e+04
-1.427870973680074e+04
-1.462424746642424e+04
-1.413680362081700e+04
-1.425033089798924e+04
-1.431271505198466e+04
-1.460945241674869e+04
-1.463676139899315e+04
-1.433832992092854e+04
-1.434038479540588e+04
-1.433295036807600e+04
-1.429704886748732e+04
-1.433667315384610e+04
-1.311974843589739e+04
-1.320451320529831e+04
-1.339505279169770e+04
-1.296498811041033e+04
-1.337633459439977e+04
-1.303550951359710e+04
-1.323855919359426e+04
-1.339309516717824e+04
-1.330607381486360e+04
-1.297528777832993e+04
-1.321028798729091e+04
-1.303708840766276e+04
-1.321716349728593e+04
-1.337514812833126e+04
-1.330992112396931e+04
-1.288344990106725e+04
-1.333410399421699e+04
-1.291877674327355e+04
-1.337198953503361e+04
-1.323034478375312e+04
-1.292517210886106e+04
-1.309034493225411e+04
-1.319923977768669e+04
-1.303639972639928e+04
-1.330002710726167e+04
-1.342606228057030e+04
-1.289007383822473e+04
-1.327693769470278e+04
-1.329378435072491e+04
-1.338119229483062e+04
-1.327480207745944e+04
-1.314030724962337e+04
-1.281701547975502e+04
-1.316816629015109e+04
-1.303290907701630e+04
-1.300680324645640e+04
-1.309740719325684e+04
-1.322375417614704e+04
-1.334474533946813e+04
-1.311974843589739e+04
-1.190282371794867e+04
-1.203748390209430e+04
-1.181123581449576e+04
-1.168397843895518e+04
-1.218971384524274e+04
-1.219446024260546e+04
-1.182940442855517e+04
-1.162275398461003e+04
-1.173569875960866e+04
-1.199834832897642e+04
-1.221183131222935e+04
-1.184407257911041e+04
-1.162217867789408e+04
-1.185777956701638e+04
-1.207444229746180e+04
-1.164447377706250e+04
-1.216415818361305e+04
-1.185726250467859e+04
-1.183433207512438e+04
-1.203988842259273e+04
-1.164363414671682e+04
-1.208145865256518e+04
-1.215784948789967e+04
-1.166856695636403e+04
-1.167097480006555e+04
-1.214044497986848e+04
-1.185305347671391e+04
-1.171857102484864e+04
-1.215396097065738e+04
-1.168464755641128e+04
-1.162828138072504e+04
-1.173508772404829e+04
-1.194635190815716e+04
-1.216923151126803e+04
-1.217752031040140e+04
-1.175568757858279e+04
-1.161638422888838e+04
-1.192463457249977e+04
-1.185907367570669e+04
-1.190282371794867e+04
-1.068589900000000e+04
-1.068589900000000e+04
-1.068589900000000e+04
-1.068589900000000e+04
-1.068589900000000e+04
-1.068589900000000e+04
-1.068589900000000e+04
-1.068589900000000e+04
-1.068589900000000e+04
-1.068589900000000e+04
-1.068589900000000e+04
-1.068589900000000e+04
-1.068589900000000e+04
-1.068589900000000e+04
-1.068589900000000e+04
-1.068589900000000e+04
-1.068589900000000e+04
-1.068589900000000e+04
-1.068589900000000e+04
-1.068589900000000e+04
-1.068589900000000e+04
-1.068589900000000e+04
-1.068589900000000e+04
-1.068589900000000e+04
-1.068589900000000e+04
-1.068589900000000e+04
-1.068589900000000e+04
-1.068589900000000e+04
-1.068589900000000e+04
-1.068589900000000e+04
-1.068589900000000e+04
-1.068589900000000e+04
-1.068589900000000e+04
-1.068589900000000e+04
-1.068589900000000e+04
-1.068589900000000e+04
-1.068589900000000e+04
-1.068589900000000e+04
-1.068589900000000e+04
-1.068589900000000e+04
