-8.712188293387354e-01
-9.566595383222268e-01
-9.156729438605968e-01
-7.422311215290454e-01
-3.730329753781836e-01
-3.441681626396406e-02
 4.422127191215284e-01
 7.539901049165223e-01
 7.535092797810851e-01
 9.295581658178624e-01
 8.330761144763665e-01
 5.711069231814275e-01
 1.507833572201570e-01
-1.174304390487993e-01
-3.526412846993320e-01
-8.369411449499492e-01
-9.005240798004773e-01
-9.612327265763599e-01
-7.607451643441606e-01
-5.352311473657234e-01
-2.261777639629315e-01
 3.142870500342206e-01
 4.289953117165851e-01
 7.586981867084864e-01
 9.658857755684674e-01
 8.942836043470549e-01
 7.117598600250802e-01
 1.942635018032886e-01
 1.544828472379856e-01
-4.211377723616846e-01
-6.895237368817432e-01
-6.737375978144836e-01
 7.515746314474462e-01
-2.277341205142340e-01
-1.684880830288684e-01
 5.097873625299395e-01
-3.556456895615971e-01
-1.706273987107333e-01
 4.099964917317055e-01
-3.637529494064676e-01
 4.259685054283311e-01
-3.742556508842413e-02
-5.336163088679653e-02
-1.355004798390283e-01
 1.194227591365539e-01
-1.787302293134518e-02
-5.214685717032767e-02
 6.367945908700694e-02
 4.723765035116614e-01
 3.955161538763637e-01
-5.606317414223487e-01
 4.237496150208079e-01
-1.322049538476441e-01
-2.649231956098218e-01
 6.527394731879796e-01
 2.194188855614646e-03
-5.352428280634244e-01
 8.554596153638001e-01
-6.670283664381454e-01
 2.125483089998459e-01
 8.579819344830312e-01
-3.873828244351381e-01
-4.754232223489004e-01
 6.757885354156268e-01
-9.822931468477568e-01
 9.214773621070661e-01
 9.307090679145870e-01
-9.394390568127585e-01
 4.437774270948513e-01
-6.012019519108468e-02
-7.524926291278140e-01
 8.393827011731865e-01
 4.049212096160286e-01
-7.850663812965474e-01
 8.849889747379406e-01
-4.438721233308503e-01
 1.830864211515598e-01
 5.828748683139925e-01
 6.580459331318451e-01
-4.200609978657022e-01
 3.709873887711960e-02
 2.393164634275710e-01
-5.701387075669173e-01
 2.284032285090955e-01
 2.953916392980904e-01
-3.685464323108487e-01
 2.114738102920302e-01
-8.096055059500626e-02
-9.981369719388292e-02
-2.779609947463104e-02
-5.585505325028194e-02
 9.768456579046947e-02
-1.839486596844401e-02
 1.348247144183103e-01
-6.201084570208672e-02
-4.179795480806831e-01
 1.361648121563117e-01
 1.524757118973084e-01
-3.811045828914518e-01
 4.618732471949812e-01
-7.445882240645910e-01
-8.648977480084579e-01
 7.623184741663747e-01
-3.651907298046360e-01
-2.588942253172111e-01
 5.019852464677973e-01
-8.989800586594732e-01
-3.902629885197146e-01
 9.385909075604078e-01
-9.615011360884319e-01
 6.276364595828984e-01
-2.205680320594836e-02
-8.614658426912618e-01
-9.813457940298329e-01
 7.290434491897115e-01
-5.101064319693913e-02
-6.139570511108112e-01
 9.130813155554318e-01
-7.201315646846171e-01
-5.754595412150939e-01
 8.429591463330659e-01
-6.549471322791360e-01
 1.773794180236171e-01
 3.240685772915087e-01
-3.783056846268940e-01
-2.732810370045495e-02
 2.925749196711102e-01
-4.224739515071652e-01
 2.730348943493193e-01
-1.551764797209718e-01
-3.450341975946395e-02
 4.886515244427844e-02
 4.456635831168210e-02
-6.882705291316492e-02
 1.404333776602847e-01
 3.363903958496504e-01
 2.024920278110487e-01
-3.153401494190226e-01
 8.735250420558748e-02
 5.825909804381287e-03
-1.765559366157294e-01
 5.476032048508593e-01
 3.193487368211202e-01
-4.939964429378631e-01
 6.116862601806341e-01
-4.822396572082210e-01
 6.600893897296380e-02
 8.777545802524244e-01
 9.342604834144762e-01
-5.597254590110687e-01
 8.628525606860217e-02
 6.171935843518175e-01
-9.566743213703103e-01
 9.004083529121187e-01
 7.788085852768497e-01
-9.910674006059925e-01
 8.250039993169940e-01
-9.934742049940308e-02
-4.353064145303754e-01
 8.616187810249599e-01
 1.592116884730464e-01
-6.381196543097066e-01
 8.458394298588728e-01
-8.590361380879468e-01
 3.142251539126628e-01
 6.052217928871136e-01
-3.546573218805971e-01
-2.211732363843912e-01
 5.107689469124305e-01
-5.304004231403786e-01
 3.157716926986796e-01
 3.405410221995460e-01
-4.455947208653505e-01
 1.694435799614796e-01
 5.772613997471624e-02
-2.047117291819212e-01
 1.534358058633481e-02
-1.339173956496357e-02
 1.486321338578795e-02
-6.090626752086809e-02
 9.991181952339237e-02
-1.005573072567526e-03
-4.496549222310628e-01
-5.326882756258894e-01
 4.189370845742411e-01
-2.736682156262451e-03
-2.898622251116720e-01
 4.547958251622203e-01
-7.238775128564517e-01
-5.278803026930409e-01
 7.038790189657199e-01
-5.684670204988842e-01
 1.972171565399672e-01
 3.689193790599157e-01
-8.620727975000132e-01
 1.148411381662042e-01
 4.941028862586946e-01
-8.827297188391695e-01
 8.354613448664993e-01
-4.048814952368222e-01
