-48675
-48675
-48675
-48675
-48675
-48675
-48675
-48675
-48675
-48675
-48675
-48675
-48675
-48675
-48675
-48675
-48675
-48675
-48675
-48675
-48675
-48675
-48675
-48675
-48675
-48675
-48675
-48675
-48675
-48675
-47025
-47025
-47025
-47025
-47025
-47025
-47025
-47025
-47025
-47025
-47025
-47025
-47025
-47025
-47025
-47025
-47025
-47025
-47025
-47025
-47025
-47025
-47025
-47025
-47025
-47025
-47025
-47025
-47025
-47025
-45375
-45375
-45375
-45375
-45375
-45375
-45375
-45375
-45375
-45375
-45375
-45375
-45375
-45375
-45375
-45375
-45375
-45375
-45375
-45375
-45375
-45375
-45375
-45375
-45375
-45375
-45375
-45375
-45375
-45375
-43725
-43725
-43725
-43725
-43725
-43725
-43725
-43725
-43725
-43725
-43725
-43725
-43725
-43725
-43725
-43725
-43725
-43725
-43725
-43725
-43725
-43725
-43725
-43725
-43725
-43725
-43725
-43725
-43725
-43725
-42075
-42075
-42075
-42075
-42075
-42075
-42075
-42075
-42075
-42075
-42075
-42075
-42075
-42075
-42075
-42075
-42075
-42075
-42075
-42075
-42075
-42075
-42075
-42075
-42075
-42075
-42075
-42075
-42075
-42075
-40425
-40425
-40425
-40425
-40425
-40425
-40425
-40425
-40425
-40425
-40425
-40425
-40425
-40425
-40425
-40425
-40425
-40425
-40425
-40425
-40425
-40425
-40425
-40425
-40425
-40425
-40425
-40425
-40425
-40425
-38775
-38775
-38775
-38775
-38775
-38775
-38775
-38775
-38775
-38775
-38775
-38775
-38775
-38775
-38775
-38775
-38775
-38775
-38775
-38775
-38775
-38775
-38775
-38775
-38775
-38775
-38775
-38775
-38775
-38775
-37125
-37125
-37125
-37125
-37125
-37125
-37125
-37125
-37125
-37125
-37125
-37125
-37125
-37125
-37125
-37125
-37125
-37125
-37125
-37125
-37125
-37125
-37125
-37125
-37125
-37125
-37125
-37125
-37125
-37125
-35475
-35475
-35475
-35475
-35475
-35475
-35475
-35475
-35475
-35475
-35475
-35475
-35475
-35475
-35475
-35475
-35475
-35475
-35475
-35475
-35475
-35475
-35475
-35475
-35475
-35475
-35475
-35475
-35475
-35475
-33825
-33825
-33825
-33825
-33825
-33825
-33825
-33825
-33825
-33825
-33825
-33825
-33825
-33825
-33825
-33825
-33825
-33825
-33825
-33825
-33825
-33825
-33825
-33825
-33825
-33825
-33825
-33825
-33825
-33825
-32175
-32175
-32175
-32175
-32175
-32175
-32175
-32175
-32175
-32175
-32175
-32175
-32175
-32175
-32175
-32175
-32175
-32175
-32175
-32175
-32175
-32175
-32175
-32175
-32175
-32175
-32175
-32175
-32175
-32175
-30525
-30525
-30525
-30525
-30525
-30525
-30525
-30525
-30525
-30525
-30525
-30525
-30525
-30525
-30525
-30525
-30525
-30525
-30525
-30525
-30525
-30525
-30525
-30525
-30525
-30525
-30525
-30525
-30525
-30525
-28875
-28875
-28875
-28875
-28875
-28875
-28875
-28875
-28875
-28875
-28875
-28875
-28875
-28875
-28875
-28875
-28875
-28875
-28875
-28875
-28875
-28875
-28875
-28875
-28875
-28875
-28875
-28875
-28875
-28875
-27225
-27225
-27225
-27225
-27225
-27225
-27225
-27225
-27225
-27225
-27225
-27225
-27225
-27225
-27225
-27225
-27225
-27225
-27225
-27225
-27225
-27225
-27225
-27225
-27225
-27225
-27225
-27225
-27225
-27225
-25575
-25575
-25575
-25575
-25575
-25575
-25575
-25575
-25575
-25575
-25575
-25575
-25575
-25575
-25575
-25575
-25575
-25575
-25575
-25575
-25575
-25575
-25575
-25575
-25575
-25575
-25575
-25575
-25575
-25575
-23925
-23925
-23925
-23925
-23925
-23925
-23925
-23925
-23925
-23925
-23925
-23925
-23925
-23925
-23925
-23925
-23925
-23925
-23925
-23925
-23925
-23925
-23925
-23925
-23925
-23925
-23925
-23925
-23925
-23925
-22275
-22275
-22275
-22275
-22275
-22275
-22275
-22275
-22275
-22275
-22275
-22275
-22275
-22275
-22275
-22275
-22275
-22275
-22275
-22275
-22275
-22275
-22275
-22275
-22275
-22275
-22275
-22275
-22275
-22275
-20625
-20625
-20625
-20625
-20625
-20625
-20625
-20625
-20625
-20625
-20625
-20625
-20625
-20625
-20625
-20625
-20625
-20625
-20625
-20625
-20625
-20625
-20625
-20625
-20625
-20625
-20625
-20625
-20625
-20625
-18975
-18975
-18975
-18975
-18975
-18975
-18975
-18975
-18975
-18975
-18975
-18975
-18975
-18975
-18975
-18975
-18975
-18975
-18975
-18975
-18975
-18975
-18975
-18975
-18975
-18975
-18975
-18975
-18975
-18975
-17325
-17325
-17325
-17325
-17325
-17325
-17325
-17325
-17325
-17325
-17325
-17325
-17325
-17325
-17325
-17325
-17325
-17325
-17325
-17325
-17325
-17325
-17325
-17325
-17325
-17325
-17325
-17325
-17325
-17325
-15675
-15675
-15675
-15675
-15675
-15675
-15675
-15675
-15675
-15675
-15675
-15675
-15675
-15675
-15675
-15675
-15675
-15675
-15675
-15675
-15675
-15675
-15675
-15675
-15675
-15675
-15675
-15675
-15675
-15675
-14025
-14025
-14025
-14025
-14025
-14025
-14025
-14025
-14025
-14025
-14025
-14025
-14025
-14025
-14025
-14025
-14025
-14025
-14025
-14025
-14025
-14025
-14025
-14025
-14025
-14025
-14025
-14025
-14025
-14025
-12375
-12375
-12375
-12375
-12375
-12375
-12375
-12375
-12375
-12375
-12375
-12375
-12375
-12375
-12375
-12375
-12375
-12375
-12375
-12375
-12375
-12375
-12375
-12375
-12375
-12375
-12375
-12375
-12375
-12375
-10725
-10725
-10725
-10725
-10725
-10725
-10725
-10725
-10725
-10725
-10725
-10725
-10725
-10725
-10725
-10725
-10725
-10725
-10725
-10725
-10725
-10725
-10725
-10725
-10725
-10725
-10725
-10725
-10725
-10725
-9075
-9075
-9075
-9075
-9075
-9075
-9075
-9075
-9075
-9075
-9075
-9075
-9075
-9075
-9075
-9075
-9075
-9075
-9075
-9075
-9075
-9075
-9075
-9075
-9075
-9075
-9075
-9075
-9075
-9075
-7425
-7425
-7425
-7425
-7425
-7425
-7425
-7425
-7425
-7425
-7425
-7425
-7425
-7425
-7425
-7425
-7425
-7425
-7425
-7425
-7425
-7425
-7425
-7425
-7425
-7425
-7425
-7425
-7425
-7425
-5775
-5775
-5775
-5775
-5775
-5775
-5775
-5775
-5775
-5775
-5775
-5775
-5775
-5775
-5775
-5775
-5775
-5775
-5775
-5775
-5775
-5775
-5775
-5775
-5775
-5775
-5775
-5775
-5775
-5775
-4125
-4125
-4125
-4125
-4125
-4125
-4125
-4125
-4125
-4125
-4125
-4125
-4125
-4125
-4125
-4125
-4125
-4125
-4125
-4125
-4125
-4125
-4125
-4125
-4125
-4125
-4125
-4125
-4125
-4125
-2475
-2475
-2475
-2475
-2475
-2475
-2475
-2475
-2475
-2475
-2475
-2475
-2475
-2475
-2475
-2475
-2475
-2475
-2475
-2475
-2475
-2475
-2475
-2475
-2475
-2475
-2475
-2475
-2475
-2475
-825
-825
-825
-825
-825
-825
-825
-825
-825
-825
-825
-825
-825
-825
-825
-825
-825
-825
-825
-825
-825
-825
-825
-825
-825
-825
-825
-825
-825
-825
