-56925
-55275
-53625
-51975
-50325
-48675
-47025
-45375
-43725
-42075
-40425
-38775
-37125
-35475
-33825
-32175
-30525
-28875
-27225
-25575
-23925
-22275
-20625
-18975
-17325
-15675
-14025
-12375
-10725
-58575
-56925
-55275
-53625
-51975
-50325
-48675
-47025
-45375
-43725
-42075
-40425
-38775
-37125
-35475
-33825
-32175
-30525
-28875
-27225
-25575
-23925
-22275
-20625
-18975
-17325
-15675
-14025
-12375
-10725
-58575
-56925
-55275
-53625
-51975
-50325
-48675
-47025
-45375
-43725
-42075
-40425
-38775
-37125
-35475
-33825
-32175
-30525
-28875
-27225
-25575
-23925
-22275
-20625
-18975
-17325
-15675
-14025
-12375
-10725
-58575
-56925
-55275
-53625
-51975
-50325
-48675
-47025
-45375
-43725
-42075
-40425
-38775
-37125
-35475
-33825
-32175
-30525
-28875
-27225
-25575
-23925
-22275
-20625
-18975
-17325
-15675
-14025
-12375
-10725
-58575
-56925
-55275
-53625
-51975
-50325
-48675
-47025
-45375
-43725
-42075
-40425
-38775
-37125
-35475
-33825
-32175
-30525
-28875
-27225
-25575
-23925
-22275
-20625
-18975
-17325
-15675
-14025
-12375
-10725
-58575
-56925
-55275
-53625
-51975
-50325
-48675
-47025
-45375
-43725
-42075
-40425
-38775
-37125
-35475
-33825
-32175
-30525
-28875
-27225
-25575
-23925
-22275
-20625
-18975
-17325
-15675
-14025
-12375
-10725
-58575
-56925
-55275
-53625
-51975
-50325
-48675
-47025
-45375
-43725
-42075
-40425
-38775
-37125
-35475
-33825
-32175
-30525
-28875
-27225
-25575
-23925
-22275
-20625
-18975
-17325
-15675
-14025
-12375
-10725
-58575
-56925
-55275
-53625
-51975
-50325
-48675
-47025
-45375
-43725
-42075
-40425
-38775
-37125
-35475
-33825
-32175
-30525
-28875
-27225
-25575
-23925
-22275
-20625
-18975
-17325
-15675
-14025
-12375
-10725
-58575
-56925
-55275
-53625
-51975
-50325
-48675
-47025
-45375
-43725
-42075
-40425
-38775
-37125
-35475
-33825
-32175
-30525
-28875
-27225
-25575
-23925
-22275
-20625
-18975
-17325
-15675
-14025
-12375
-10725
-58575
-56925
-55275
-53625
-51975
-50325
-48675
-47025
-45375
-43725
-42075
-40425
-38775
-37125
-35475
-33825
-32175
-30525
-28875
-27225
-25575
-23925
-22275
-20625
-18975
-17325
-15675
-14025
-12375
-10725
-58575
-56925
-55275
-53625
-51975
-50325
-48675
-47025
-45375
-43725
-42075
-40425
-38775
-37125
-35475
-33825
-32175
-30525
-28875
-27225
-25575
-23925
-22275
-20625
-18975
-17325
-15675
-14025
-12375
-10725
-58575
-56925
-55275
-53625
-51975
-50325
-48675
-47025
-45375
-43725
-42075
-40425
-38775
-37125
-35475
-33825
-32175
-30525
-28875
-27225
-25575
-23925
-22275
-20625
-18975
-17325
-15675
-14025
-12375
-10725
-58575
-56925
-55275
-53625
-51975
-50325
-48675
-47025
-45375
-43725
-42075
-40425
-38775
-37125
-35475
-33825
-32175
-30525
-28875
-27225
-25575
-23925
-22275
-20625
-18975
-17325
-15675
-14025
-12375
-10725
-58575
-56925
-55275
-53625
-51975
-50325
-48675
-47025
-45375
-43725
-42075
-40425
-38775
-37125
-35475
-33825
-32175
-30525
-28875
-27225
-25575
-23925
-22275
-20625
-18975
-17325
-15675
-14025
-12375
-10725
-58575
-56925
-55275
-53625
-51975
-50325
-48675
-47025
-45375
-43725
-42075
-40425
-38775
-37125
-35475
-33825
-32175
-30525
-28875
-27225
-25575
-23925
-22275
-20625
-18975
-17325
-15675
-14025
-12375
-10725
-58575
-56925
-55275
-53625
-51975
-50325
-48675
-47025
-45375
-43725
-42075
-40425
-38775
-37125
-35475
-33825
-32175
-30525
-28875
-27225
-25575
-23925
-22275
-20625
-18975
-17325
-15675
-14025
-12375
-10725
-58575
-56925
-55275
-53625
-51975
-50325
-48675
-47025
-45375
-43725
-42075
-40425
-38775
-37125
-35475
-33825
-32175
-30525
-28875
-27225
-25575
-23925
-22275
-20625
-18975
-17325
-15675
-14025
-12375
-10725
-58575
-56925
-55275
-53625
-51975
-50325
-48675
-47025
-45375
-43725
-42075
-40425
-38775
-37125
-35475
-33825
-32175
-30525
-28875
-27225
-25575
-23925
-22275
-20625
-18975
-17325
-15675
-14025
-12375
-10725
-58575
-56925
-55275
-53625
-51975
-50325
-48675
-47025
-45375
-43725
-42075
-40425
-38775
-37125
-35475
-33825
-32175
-30525
-28875
-27225
-25575
-23925
-22275
-20625
-18975
-17325
-15675
-14025
-12375
-10725
-58575
-56925
-55275
-53625
-51975
-50325
-48675
-47025
-45375
-43725
-42075
-40425
-38775
-37125
-35475
-33825
-32175
-30525
-28875
-27225
-25575
-23925
-22275
-20625
-18975
-17325
-15675
-14025
-12375
-10725
-58575
-56925
-55275
-53625
-51975
-50325
-48675
-47025
-45375
-43725
-42075
-40425
-38775
-37125
-35475
-33825
-32175
-30525
-28875
-27225
-25575
-23925
-22275
-20625
-18975
-17325
-15675
-14025
-12375
-10725
-58575
-56925
-55275
-53625
-51975
-50325
-48675
-47025
-45375
-43725
-42075
-40425
-38775
-37125
-35475
-33825
-32175
-30525
-28875
-27225
-25575
-23925
-22275
-20625
-18975
-17325
-15675
-14025
-12375
-10725
-58575
-56925
-55275
-53625
-51975
-50325
-48675
-47025
-45375
-43725
-42075
-40425
-38775
-37125
-35475
-33825
-32175
-30525
-28875
-27225
-25575
-23925
-22275
-20625
-18975
-17325
-15675
-14025
-12375
-10725
-58575
-56925
-55275
-53625
-51975
-50325
-48675
-47025
-45375
-43725
-42075
-40425
-38775
-37125
-35475
-33825
-32175
-30525
-28875
-27225
-25575
-23925
-22275
-20625
-18975
-17325
-15675
-14025
-12375
-10725
-58575
-56925
-55275
-53625
-51975
-50325
-48675
-47025
-45375
-43725
-42075
-40425
-38775
-37125
-35475
-33825
-32175
-30525
-28875
-27225
-25575
-23925
-22275
-20625
-18975
-17325
-15675
-14025
-12375
-10725
-58575
-56925
-55275
-53625
-51975
-50325
-48675
-47025
-45375
-43725
-42075
-40425
-38775
-37125
-35475
-33825
-32175
-30525
-28875
-27225
-25575
-23925
-22275
-20625
-18975
-17325
-15675
-14025
-12375
-10725
-58575
-56925
-55275
-53625
-51975
-50325
-48675
-47025
-45375
-43725
-42075
-40425
-38775
-37125
-35475
-33825
-32175
-30525
-28875
-27225
-25575
-23925
-22275
-20625
-18975
-17325
-15675
-14025
-12375
-10725
-58575
-56925
-55275
-53625
-51975
-50325
-48675
-47025
-45375
-43725
-42075
-40425
-38775
-37125
-35475
-33825
-32175
-30525
-28875
-27225
-25575
-23925
-22275
-20625
-18975
-17325
-15675
-14025
-12375
-10725
-58575
-56925
-55275
-53625
-51975
-50325
-48675
-47025
-45375
-43725
-42075
-40425
-38775
-37125
-35475
-33825
-32175
-30525
-28875
-27225
-25575
-23925
-22275
-20625
-18975
-17325
-15675
-14025
-12375
-10725
-58575
-56925
-55275
-53625
-51975
-50325
-48675
-47025
-45375
-43725
-42075
-40425
-38775
-37125
-35475
-33825
-32175
-30525
-28875
-27225
-25575
-23925
-22275
-20625
-18975
-17325
-15675
-14025
-12375
-10725
-58575
