-0.87121882933874
-0.95665953832223
-0.91567294386060
-0.74223112152905
-0.37303297537818
-0.03441681626396
 0.44221271912153
 0.75399010491652
 0.75350927978109
 0.92955816581786
 0.83307611447637
 0.57110692318143
 0.15078335722016
-0.11743043904880
-0.35264128469933
-0.83694114494995
-0.90052407980048
-0.96123272657636
-0.76074516434416
-0.53523114736572
-0.22617776396293
 0.31428705003422
 0.42899531171659
 0.75869818670849
 0.96588577556847
 0.89428360434705
 0.71175986002508
 0.19426350180329
 0.15448284723799
-0.42113777236168
-0.68952373688174
-0.67373759781448
 0.75157463144745
-0.22773412051423
-0.16848808302887
 0.50978736252994
-0.35564568956160
-0.17062739871073
 0.40999649173171
-0.36375294940647
 0.42596850542833
-0.03742556508842
-0.05336163088680
-0.13550047983903
 0.11942275913655
-0.01787302293135
-0.05214685717033
 0.06367945908701
 0.47237650351166
 0.39551615387636
-0.56063174142235
 0.42374961502081
-0.13220495384764
-0.26492319560982
 0.65273947318798
 0.00219418885561
-0.53524282806342
 0.85545961536380
-0.66702836643815
 0.21254830899985
 0.85798193448303
-0.38738282443514
-0.47542322234890
 0.67578853541563
-0.98229314684776
 0.92147736210707
 0.93070906791459
-0.93943905681276
 0.44377742709485
-0.06012019519108
-0.75249262912781
 0.83938270117319
 0.40492120961603
-0.78506638129655
 0.88498897473794
-0.44387212333085
 0.18308642115156
 0.58287486831399
 0.65804593313185
-0.42006099786570
 0.03709873887712
 0.23931646342757
-0.57013870756692
 0.22840322850910
 0.29539163929809
-0.36854643231085
 0.21147381029203
-0.08096055059501
-0.09981369719388
-0.02779609947463
-0.05585505325028
 0.09768456579047
-0.01839486596844
 0.13482471441831
-0.06201084570209
-0.41797954808068
 0.13616481215631
 0.15247571189731
-0.38110458289145
 0.46187324719498
-0.74458822406459
-0.86489774800846
 0.76231847416637
-0.36519072980464
-0.25889422531721
 0.50198524646780
-0.89898005865947
-0.39026298851971
 0.93859090756041
-0.96150113608843
 0.62763645958290
-0.02205680320595
-0.86146584269126
-0.98134579402983
 0.72904344918971
-0.05101064319694
-0.61395705111081
 0.91308131555543
-0.72013156468462
-0.57545954121509
 0.84295914633307
-0.65494713227914
 0.17737941802362
 0.32406857729151
-0.37830568462689
-0.02732810370045
 0.29257491967111
-0.42247395150717
 0.27303489434932
-0.15517647972097
-0.03450341975946
 0.04886515244428
 0.04456635831168
-0.06882705291316
 0.14043337766028
 0.33639039584965
 0.20249202781105
-0.31534014941902
 0.08735250420559
 0.00582590980438
-0.17655593661573
 0.54760320485086
 0.31934873682112
-0.49399644293786
 0.61168626018063
-0.48223965720822
 0.06600893897296
 0.87775458025242
 0.93426048341448
-0.55972545901107
 0.08628525606860
 0.61719358435182
-0.95667432137031
 0.90040835291212
 0.77880858527685
-0.99106740060599
 0.82500399931699
-0.09934742049940
-0.43530641453038
 0.86161878102496
 0.15921168847305
-0.63811965430971
 0.84583942985887
-0.85903613808795
 0.31422515391266
 0.60522179288711
-0.35465732188060
-0.22117323638439
 0.51076894691243
-0.53040042314038
 0.31577169269868
 0.34054102219955
-0.44559472086535
 0.16944357996148
 0.05772613997472
-0.20471172918192
 0.01534358058633
-0.01339173956496
 0.01486321338579
-0.06090626752087
 0.09991181952339
-0.00100557307257
-0.44965492223106
-0.53268827562589
 0.41893708457424
-0.00273668215626
-0.28986222511167
 0.45479582516222
-0.72387751285645
-0.52788030269304
 0.70387901896572
-0.56846702049888
 0.19721715653997
 0.36891937905992
-0.86207279750001
 0.11484113816620
 0.49410288625869
-0.88272971883917
 0.83546134486650
-0.40488149523682
