-0.93149631212587
-0.91683082459266
-0.74674632586451
-0.45007514127653
-0.07710827427440
 0.30892980654517
 0.64259883107431
 0.86733600880939
 0.94504442044380
 0.86255111828229
 0.63384017344053
 0.29768212890563
-0.08893829198478
-0.46048210219973
-0.75396606639167
-0.91963947124166
-0.92941774970372
-0.78164331094540
-0.50136653125820
-0.13609927301788
 0.25223921479872
 0.59781870248460
 0.84205736575473
 0.94355243921027
 0.88509871602954
 0.67660513427803
 0.35341503696636
-0.02968514856811
-0.40775317733617
-0.78825672941162
-0.72272916886837
-0.71135051338907
-0.57938538716903
-0.34920420891494
-0.05982675213392
 0.23969239536065
 0.49857945013031
 0.67294848580326
 0.73324087238979
 0.66923598591597
 0.49178378462991
 0.23096554952529
-0.06900542386479
-0.35727875963571
-0.58498703797829
-0.71352968557886
-0.72111645427977
-0.60646125284365
-0.38900016212377
-0.10559667622013
 0.19570731058660
 0.46383545308367
 0.65333529738030
 0.73208327429430
 0.68673021146224
 0.52496425373153
 0.27420758687638
-0.02303210702295
-0.31636745215561
-0.61159247061580
-0.39144667187900
-0.38528373144475
-0.31380839643950
-0.18913699802642
-0.03240353927990
 0.12982289145122
 0.27004205008960
 0.36448431371071
 0.39714005127543
 0.36247353873741
 0.26636136200073
 0.12509623185950
-0.03737491812564
-0.19351035964335
-0.31684237882290
-0.38646402101640
-0.39057318871879
-0.32847330545815
-0.21069139780558
-0.05719357851929
 0.10599956206481
 0.25122390548230
 0.35386136162324
 0.39651306963228
 0.37194881199629
 0.28433266406060
 0.14851710974223
-0.01247471671112
-0.17135185844382
-0.33125249053343
 0.00619294689020
 0.00609544507057
 0.00496465769786
 0.00299227319554
 0.00051264555872
-0.00205388455094
-0.00427224496838
-0.00576638443823
-0.00628301994168
-0.00573457263981
-0.00421401403300
-0.00197910565020
 0.00059129608094
 0.00306146268717
 0.00501265731854
 0.00611411803717
 0.00617912780522
 0.00519666631928
 0.00333327814634
 0.00090484047937
-0.00167698362359
-0.00397452939562
-0.00559832226573
-0.00627310067477
-0.00588447776937
-0.00449833199302
-0.00234963952690
 0.00019735832136
 0.00271090044982
 0.00524063487696
 0.40278275182652
 0.39644133603281
 0.32289611470561
 0.19461430128300
 0.03334192792450
-0.13358249086088
-0.27786231907877
-0.37503957862076
-0.40864100835347
-0.37297057271209
-0.27407504029075
-0.12871894981156
 0.03845727516261
 0.19911431304283
 0.32601795954724
 0.39765580614017
 0.40188397307524
 0.33798571140971
 0.21679290460423
 0.05884987304204
-0.10906925098106
-0.25849921137162
-0.36410899169363
-0.40799586966737
-0.38272024466408
-0.29256678135687
-0.15281808341389
 0.01283597763404
 0.17631411385693
 0.34084538015357
 0.73109376929617
 0.71958342146157
 0.58609097961794
 0.35324576943457
 0.06051916486340
-0.24246650660333
-0.50434982451326
-0.68073694299401
-0.74172713139118
-0.67698147600441
-0.49747550849065
-0.23363865947793
 0.06980406715033
 0.36141377202268
 0.59175746186445
 0.72178781458531
 0.72946238974465
 0.61348021136019
 0.39350230630540
 0.10681881314380
-0.19797235470599
-0.46920371327907
-0.66089675877326
-0.74055613568294
-0.69467817325487
-0.53103999608495
-0.27738116419593
 0.02329867212168
 0.32002897218224
 0.61867081595138
 0.93547148558643
 0.92074341288131
 0.74993307619053
 0.45199584319834
 0.07743733490674
-0.31024816878898
-0.64534113051858
-0.87103737728368
-0.94907741064495
-0.86623206716974
-0.63654509519159
-0.29895249152876
 0.08931783738214
 0.46244721597195
 0.75718362706075
 0.92356404546893
 0.93338405287026
 0.78497898464035
 0.50350611989976
 0.13668007855738
-0.25331564915421
-0.60036990210763
-0.84565085726838
-0.94757906236076
-0.88887588710381
-0.67949255609393
-0.35492324054938
 0.02981183035227
 0.40949326968855
 0.79162062596180
 0.98127026954694
 0.96582114031539
 0.78664827646171
 0.47412464166269
 0.08122850954596
-0.32543728900851
-0.67693572155940
-0.91368159816951
-0.99554231306224
-0.90864102983213
-0.66770905020785
-0.31358859833152
 0.09369065729286
 0.48508769242021
 0.79425379957643
 0.96877986534570
 0.97908064036463
 0.82340996140983
 0.52815675689232
 0.14337165760175
-0.26571746884426
-0.62976279314352
-0.88705220569513
-0.99397060868925
-0.93239344519982
-0.71275913156823
-0.37229956154573
 0.03127135701750
 0.42954122847801
 0.83037676400099
 0.86072641872994
 0.84717513312734
 0.69001270578756
 0.41588094280933
 0.07125001774745
-0.28545904322445
-0.59377775665944
-0.80144065733795
-0.87324521735669
-0.79701929610035
-0.58568453297206
-0.27506590138622
 0.08218125670655
 0.42549724089735
 0.69668393070516
 0.84977039447213
 0.85880577388527
 0.72225841261660
 0.46327549911182
 0.12575920949068
-0.23307548638756
-0.55239977243176
-0.77808254456439
-0.87186658853419
-0.81785385315368
-0.62520045065162
-0.32656453400136
 0.02742983658001
 0.37677436559394
 0.72836938044105
 0.59427424402145
 0.58491798420211
 0.47640779947496
 0.28713808187231
 0.04919339003892
-0.19709044990348
-0.40996397900301
-0.55334137584662
-0.60291764037606
-0.55028872049662
-0.40437614727872
-0.18991467793399
 0.05674068221826
 0.29377749499149
 0.48101383579304
 0.58670983924472
 0.59294816672410
 0.49867131158726
 0.31986086521496
 0.08682835512251
-0.16092309409682
-0.38139523780843
-0.53721415527082
-0.60196578902881
-0.56467359398599
-0.43165925558680
-0.22547105252588
 0.01893847457508
 0.26013759588138
 0.50289052771109
 0.22708209318326
 0.22350691036907
 0.18204336028687
 0.10972024670455
 0.01879761422138
-0.07531154573964
-0.15665406909067
-0.21144096204112
-0.23038487898655
-0.21027449155444
-0.15451886545855
-0.07256956367424
 0.02168156035095
 0.11225727711396
 0.18380340353106
 0.22419160804502
 0.22657537694672
 0.19055061932246
 0.12222416759795
 0.03317856162746
-0.06149139629836
-0.14573747693588
-0.20527848227286
-0.23002116072263
-0.21577119146194
-0.16494419586025
-0.08615624701036
 0.00723670677549
 0.09940291100058
 0.19216285212345
-0.17860448152894
-0.17579253073199
-0.14318064240135
-0.08629710736407
-0.01478468907401
 0.05923399503419
 0.12321147122225
 0.16630242776940
 0.18120218678050
 0.16538497605152
 0.12153209205004
 0.05707737282639
-0.01705296877854
-0.08829253110948
-0.14456495063407
-0.17633105876695
-0.17820593935663
-0.14987176704259
-0.09613168426504
-0.02609558382292
 0.04836417878840
 0.11462535923721
 0.16145551761232
 0.18091611529401
 0.16970823740312
 0.12973181711450
 0.06776356344112
-0.00569181058486
-0.07818232222916
-0.15113981948780
-0.55401444340304
-0.54529203429935
-0.44413299838292
-0.26768557817991
-0.04586072655125
 0.18373832788788
 0.38219049189427
 0.51585462004387
 0.56207228280747
 0.51300877038498
 0.37698121433646
 0.17704868694574
-0.05289671863404
-0.27387519652657
-0.44842699340749
-0.54696249803571
-0.55277820275626
-0.46488824294413
-0.29819151846346
-0.08094606710410
 0.15002117171265
 0.35555717333660
 0.50081995680408
 0.56118491573806
 0.52641912387045
 0.40241599670448
 0.21019625354000
-0.01765546556353
-0.24251427155108
-0.46882162335890
-0.83550917612932
-0.82235491105398
-0.66979697007791
-0.40369661757011
-0.06916256121802
 0.27709577030882
 0.57638147670950
 0.77796034693234
 0.84766120364835
 0.77366852109242
 0.56852536528068
 0.26700712287603
-0.07977354080229
-0.41303118093205
-0.67627274392821
-0.82487413739680
-0.83364480162321
-0.70109795417713
-0.44970262578319
-0.12207476292789
 0.22624692744410
 0.53621576927952
 0.75528657146234
 0.84632296538052
 0.79389267503943
 0.60688356029596
 0.31699696769984
-0.02662620742621
-0.36573577031427
-0.70702988513829
-0.97537035278923
-0.96001411190788
-0.78191853024117
-0.47127395311602
-0.08074012071003
 0.32348058760361
 0.67286562534689
 0.90818806031398
 0.98955658521728
 0.90317779854405
 0.66369442963199
 0.31170313753265
-0.09312733942198
-0.48217108820393
-0.78947832492136
-0.96295504751571
-0.97319388881767
-0.81845918446227
-0.52498119864155
-0.14250963123499
 0.26411983463898
 0.62597632556984
 0.88171877785596
 0.98799433076371
 0.92678740180603
 0.70847364603478
 0.37006109932974
-0.03108333705090
-0.42695859903261
-0.82538409894510
-0.94988903472366
-0.93493397197641
-0.76149109494599
-0.45896203338109
-0.07863080429440
 0.31502973432804
 0.65528717120809
 0.88446186363184
 0.96370465520968
 0.87958249375685
 0.64635557079602
 0.30355996733398
-0.09069440986899
-0.46957448341129
-0.76885339179143
-0.93779807634223
-0.94776943035477
-0.79707713328209
-0.51126618991407
-0.13878660107468
 0.25721976689075
 0.60962284321542
 0.85868408487121
 0.96218321428147
 0.90257530175906
 0.68996494083981
 0.36039334128404
-0.03027129227666
-0.41580440736412
-0.80382113602405
-0.76338475521124
-0.75136601776177
-0.61197747511634
-0.36884794612437
-0.06319217834302
 0.25317577931009
 0.52662597261298
 0.71080376610379
 0.77448777217141
 0.70688242746165
 0.51944803145884
 0.24395802339438
-0.07288717665533
-0.37737671345649
-0.61789423483216
-0.75366777463049
-0.76168132080665
-0.64057643580657
-0.41088253571522
-0.11153679178833
 0.20671640750176
 0.48992752619212
 0.69008727964093
 0.77326505586656
 0.72536075331525
 0.55449499700833
 0.28963254923341
-0.02432772902918
-0.33416402772115
-0.64599629927917
-0.44747328231728
-0.44042825835117
-0.35872286894015
-0.21620762007827
-0.03704136251988
 0.14840405994192
 0.30869237420578
 0.41665188115255
 0.45398153835576
 0.41435330987340
 0.30448488006001
 0.14300088746953
-0.04272428019312
-0.22120692807620
-0.36219109629555
-0.44177747929658
-0.44647478008229
-0.37548672323978
-0.24084703768083
-0.06537952713878
 0.12117096751304
 0.28718084392727
 0.40450849718747
 0.45326481867471
 0.42518475111583
 0.32502836170885
 0.16977392669511
-0.01426018621108
-0.19587694579435
-0.37866368489802
-0.05570718803795
-0.05483013349565
-0.04465840331310
-0.02691628533566
-0.00461138179332
 0.01847523237581
 0.03842996848149
 0.05187014645776
 0.05651741885454
 0.05158399095412
 0.03790616588409
 0.01780257647251
-0.00531886395134
-0.02753866303218
-0.04509017254063
-0.05499810174735
-0.05558288172971
-0.04674538195655
-0.02998371466334
-0.00813927837946
 0.01508490928672
 0.03575193850839
 0.05035838296105
 0.05642819243674
 0.05293242706831
 0.04046368080261
 0.02113562626436
-0.00177529007006
-0.02438526339530
-0.04714089071088
 0.34550225811074
 0.34006266700012
 0.27697645010883
 0.16693783497185
 0.02860030956003
-0.11458547325376
-0.23834699537221
-0.32170449381652
-0.35052740094388
-0.31992972513477
-0.23509831263338
-0.11041358553678
 0.03298819363345
 0.17079789158424
 0.27965433151602
 0.34110442502625
 0.34473129637839
 0.28992012684673
 0.18596237734482
 0.05048072176216
-0.09355830738411
-0.22173755167949
-0.31232836624235
-0.34997400864535
-0.32829287787648
-0.25096030837618
-0.13108553596256
 0.01101054908014
 0.15124015166518
 0.29237311671278
 0.68814297175085
 0.67730884171523
 0.55165890528507
 0.33249304500452
 0.05696374351142
-0.22822191818799
-0.47471993555177
-0.64074454277385
-0.69815163780583
-0.63720970453138
-0.46824947655564
-0.21991269547244
 0.06570316999879
 0.34018118818165
 0.55699248915111
 0.67938372964176
 0.68660743360269
 0.57743905567976
 0.37038456327223
 0.10054334834017
-0.18634173920405
-0.44163861213485
-0.62206994328589
-0.69704943655557
-0.65386674408984
-0.49984209464165
-0.26108538556040
 0.02192990577268
 0.30122769091011
 0.58232471907696
 0.91413130268144
 0.89973921003580
 0.73282543661092
 0.44168481382463
 0.07567081725650
-0.30317071878659
-0.63061946558964
-0.85116707954107
-0.92742684636135
-0.84647138922670
-0.62202408737044
-0.29213272102006
 0.08728029907576
 0.45189776756566
 0.73991058630739
 0.90249549772755
 0.91209148894313
 0.76707187002819
 0.49202002667511
 0.13356210230602
-0.24753695641056
-0.58667413081045
-0.82635968244806
-0.92596267873038
-0.86859865332074
-0.66399182127406
-0.34682665290640
 0.02913175626957
 0.40015181844374
 0.77356200075550
 0.98515823904045
 0.96964789757714
 0.78976511857537
 0.47600320886290
 0.08155035152663
-0.32672673014514
-0.67961786277590
-0.91730176917714
-0.99948683096194
-0.91224122920041
-0.67035463369112
-0.31483109282225
 0.09406187654681
 0.48700969720150
 0.79740077614210
 0.97261834560876
 0.98295993415305
 0.82667245993848
 0.53024940906197
 0.14393972192438
-0.26677028930038
-0.63225802672378
-0.89056686625494
-0.99790889921324
-0.93608775591460
-0.71558321158549
-0.37377467944409
 0.03139525976466
 0.43124314816758
 0.83366686625594
 0.88918346115164
 0.87518414758002
 0.71282566982911
 0.42963065627736
 0.07360566146125
-0.29489679246268
-0.61340903373264
-0.82793761419677
-0.90211615201620
-0.82337007542637
-0.60504823465222
-0.28416003612425
 0.08489830530349
 0.43956488512325
 0.71971745650287
 0.87786521256761
 0.88719931660411
 0.74613747318684
 0.47859215518775
 0.12991701745558
-0.24078134838884
-0.57066302474487
-0.80380724348895
-0.90069194343916
-0.84489345747799
-0.64587061408463
-0.33736129891443
 0.02833671245391
 0.38923115078351
 0.75245047973908
 0.64247638827865
 0.63236123340361
 0.51504968528201
 0.31042812242747
 0.05318351228805
-0.21307664212625
-0.44321654388355
-0.59822341657170
-0.65182085866120
-0.59492315746800
-0.43717547785950
-0.20531883652648
 0.06134297245219
 0.31760606460487
 0.52002932154875
 0.63429842749822
 0.64104275160139
 0.53911901185338
 0.34580508158044
 0.09387108487453
-0.17397571798892
-0.41233056515401
-0.58078810192909
-0.65079180175370
-0.61047480160919
-0.46667154480693
-0.24375922218663
 0.02047459210443
 0.28123760155981
 0.54368045257519
 0.28685822482717
 0.28234192598064
 0.22996368600197
 0.13860254129270
 0.02374581883997
-0.09513623913282
-0.19789102496531
-0.26709978834798
-0.29103042202351
-0.26562626109433
-0.19519375934226
-0.09167246928306
 0.02738892277489
 0.14180740887769
 0.23218703560022
 0.28320686058254
 0.28621812274748
 0.24071035999499
 0.15439794154016
 0.04191234613595
-0.07767813189064
-0.18410079517314
-0.25931512341876
-0.29057096009912
-0.27256988908265
-0.20836340971119
-0.10883565378807
 0.00914166691926
 0.12556931368987
 0.24274699015291
-0.11738747214510
-0.11553932257447
-0.09410521800867
-0.05671861758553
-0.00971721012817
 0.03893143600091
 0.08098051640275
 0.10930196958289
 0.11909480921889
 0.10869897610224
 0.07987674748211
 0.03751399995911
-0.01120803285755
-0.05803010622976
-0.09501505208852
-0.11589326915052
-0.11712553102386
-0.09850294756573
-0.06318237544950
-0.01715127522501
 0.03178726895173
 0.07533730984461
 0.10611634665684
 0.11890678925229
 0.11154043179888
 0.08526600193621
 0.04453747939471
-0.00374093220263
-0.05138518974636
-0.09933637273971
-0.50173392014135
-0.49383461613441
-0.40222162616197
-0.24242496942954
-0.04153300042459
 0.16639954540740
 0.34612443054911
 0.46717511396963
 0.50903136770863
 0.46459781779533
 0.34140673540361
 0.16034118390762
-0.04790502904554
-0.24803049382377
-0.40611041098049
-0.49534744369492
-0.50061433946374
-0.42101826646835
-0.27005216433091
-0.07330745263372
 0.13586416651023
 0.32200441078170
 0.45355922251566
 0.50822773855484
 0.47674268027115
 0.36444132090477
 0.19036072352165
-0.01598937727092
-0.21962899632749
-0.42458046669330
-0.80102761068261
-0.78841622372885
-0.64215436755528
-0.38703600900103
-0.06630821389397
 0.26565999412360
 0.55259414297428
 0.74585382867485
 0.81267812254607
 0.74173912701000
 0.54506225422084
 0.25598770639896
-0.07648127705860
-0.39598533379627
-0.64836288543017
-0.79083148129371
-0.79924017913941
-0.67216355622891
-0.43114334365257
-0.11703672259566
 0.21690968919625
 0.51408607918129
 0.72411580267970
 0.81139511353452
 0.76112862766073
 0.58183740185659
 0.30391446423915
-0.02552734060321
-0.35064181053429
-0.67785067567692
-0.96453297926442
-0.94934736210348
-0.77323060656791
-0.46603761201971
-0.07984301445284
 0.31988638367291
 0.66538939224935
 0.89809715155072
 0.97856158797622
 0.89314255897157
 0.65632009800535
 0.30823979325462
-0.09209259835178
-0.47681366866500
-0.78070640410949
-0.95225562087466
-0.96238069805888
-0.80936525632363
-0.51914811449366
-0.14092620182260
 0.26118519007540
 0.61902108109426
 0.87192197020015
 0.97701669178559
 0.91648983511996
 0.70060177099510
 0.36594933773173
-0.03073796902422
-0.42221464735916
-0.81621322784355
